30.423 -0.548 9.806 -0.227 0.227 2.132 -1.39 166.68 -55.319 150.359 3.389 1.535 6.187
30.438 -0.557 9.8 -0.22 0.158 1.89 -1.342 167.52 -55.08 150.6 3.389 1.54 6.179
30.453 -0.561 9.788 -0.216 0.035 1.627 -1.309 167.28 -55.32 151.8 3.388 1.548 6.172
30.484 -0.568 9.791 -0.212 -0.164 1.341 -1.307 167.28 -55.2 152.28 3.388 1.556 6.164
30.499 -0.573 9.798 -0.197 -0.157 1.145 -1.267 167.94 -55.26 151.86 3.387 1.564 6.159
30.513 -0.567 9.772 -0.193 0.069 1.071 -1.147 168.239 -55.319 151.56 3.386 1.573 6.157
30.543 -0.555 9.749 -0.188 0.093 1.025 -1.096 168.18 -55.379 151.62 3.385 1.581 6.157
30.558 -0.557 9.753 -0.177 -0.124 0.868 -1.168 168.18 -55.14 151.619 3.384 1.59 6.165
30.573 -0.558 9.756 -0.174 -0.329 0.839 -1.283 168.48 -54.72 151.56 3.383 1.599 6.174
30.603 -0.58 9.767 -0.173 -0.351 0.881 -1.412 167.94 -54.42 151.26 3.382 1.608 6.182
30.618 -0.582 9.779 -0.173 -0.28 0.98 -1.512 168.06 -54.54 150.9 3.381 1.617 6.19
30.633 -0.578 9.77 -0.183 -0.067 1.119 -1.622 167.4 -54.719 150.359 3.38 1.626 6.196
30.679 -0.564 9.75 -0.187 0.049 1.263 -1.735 166.92 -54.36 149.88 3.379 1.633 6.2
30.68 -0.555 9.734 -0.186 -0.062 1.333 -1.82 166.74 -54.419 149.58 3.379 1.64 6.203
30.694 -0.552 9.743 -0.177 -0.29 1.3 -1.919 166.92 -54.72 149.76 3.378 1.646 6.206
30.723 -0.554 9.748 -0.182 -0.274 1.243 -1.999 166.8 -54.719 150.0 3.378 1.651 6.21
30.738 -0.559 9.738 -0.196 -0.084 1.221 -1.966 167.22 -54.66 150.54 3.378 1.655 6.224
30.754 -0.545 9.729 -0.205 0.071 1.214 -1.948 166.92 -54.6 150.24 3.378 1.657 6.233
30.783 -0.539 9.733 -0.205 0.116 1.048 -2.012 167.04 -54.72 150.0 3.378 1.657 6.239
30.799 -0.528 9.726 -0.211 0.088 0.896 -2.069 167.399 -55.08 150.12 3.378 1.657 6.246
30.813 -0.524 9.735 -0.201 0.122 0.802 -2.093 167.28 -55.08 151.32 3.379 1.655 6.249
30.843 -0.52 9.755 -0.204 0.296 0.729 -2.078 167.16 -55.08 152.04 3.379 1.651 6.256
30.859 -0.517 9.756 -0.212 0.565 0.738 -2.072 167.64 -55.319 151.92 3.379 1.647 6.259
30.888 -0.506 9.768 -0.218 0.689 0.8 -2.182 167.7 -55.02 151.98 3.38 1.642 6.262
30.903 -0.516 9.774 -0.222 0.672 0.929 -2.395 167.459 -55.26 151.98 3.38 1.637 6.264
30.919 -0.521 9.796 -0.207 0.56 1.173 -2.596 167.339 -55.5 151.98 3.381 1.633 6.261
30.933 -0.523 9.802 -0.197 0.495 1.399 -2.747 167.639 -55.2 152.04 3.381 1.628 6.248
30.963 -0.54 9.794 -0.178 0.395 1.749 -2.857 167.519 -55.68 151.8 3.381 1.624 6.242
30.993 -0.563 9.787 -0.143 0.202 2.169 -2.922 167.7 -55.98 152.339 3.382 1.62 6.233
30.995 -0.579 9.782 -0.123 -0.086 2.553 -3.029 167.519 -55.44 152.519 3.382 1.615 6.226
31.023 -0.603 9.763 -0.095 -0.503 2.903 -3.265 167.339 -55.379 151.979 3.382 1.609 6.224
31.039 -0.622 9.743 -0.054 -1.245 3.155 -3.641 167.46 -55.379 151.38 3.383 1.604 6.216
31.053 -0.661 9.745 -0.015 -2.279 3.27 -4.144 167.219 -55.379 151.26 3.383 1.598 6.212
31.083 -0.71 9.749 0.032 -3.296 3.238 -4.629 167.04 -55.799 151.32 3.383 1.592 6.206
31.099 -0.756 9.741 0.09 -4.19 3.08 -5.138 167.099 -55.26 151.62 3.384 1.586 6.184
31.113 -0.803 9.719 0.156 -5.28 2.794 -5.73 167.399 -55.2 151.92 3.384 1.58 6.161
31.143 -0.851 9.699 0.248 -6.726 2.505 -6.493 166.619 -55.02 151.98 3.385 1.575 6.129
31.158 -0.895 9.697 0.324 -8.777 1.894 -7.412 166.619 -54.54 152.82 3.386 1.57 6.099
31.173 -0.955 9.728 0.412 -11.2 1.042 -8.56 166.32 -54.0 152.88 3.387 1.566 6.067
31.203 -1.02 9.735 0.541 -13.641 0.135 -9.889 166.379 -54.18 152.939 3.387 1.563 6.027
31.233 -1.095 9.731 0.677 -16.288 -0.848 -11.235 166.679 -54.12 152.879 3.389 1.561 5.999
31.249 -1.174 9.738 0.807 -19.387 -1.971 -12.606 166.68 -53.64 153.839 3.39 1.559 5.974
31.263 -1.255 9.776 0.953 -22.84 -3.236 -14.07 167.339 -52.739 154.619 3.391 1.557 5.95
31.353 -1.355 9.801 1.114 -26.406 -4.502 -15.585 167.4 -52.08 155.28 3.392 1.555 5.929
31.354 -1.438 9.822 1.271 -30.238 -5.678 -17.029 167.82 -52.019 155.34 3.393 1.553 5.923
31.369 -1.531 9.848 1.422 -34.288 -6.866 -18.458 168.3 -51.3 155.22 3.394 1.551 5.923
31.369 -1.613 9.894 1.584 -38.456 -8.083 -19.898 168.96 -51.359 155.16 3.395 1.549 5.939
31.398 -1.697 9.901 1.754 -42.199 -9.191 -21.428 169.68 -51.839 155.64 3.396 1.548 5.953
31.399 -1.761 9.878 1.909 -45.929 -10.158 -22.919 170.34 -51.779 155.7 3.397 1.546 5.974
31.413 -1.844 9.911 2.067 -49.779 -11.047 -24.422 171.119 -52.08 155.76 3.398 1.543 6.004
31.414 -1.93 9.933 2.195 -53.329 -11.767 -25.943 171.959 -51.6 156.48 3.399 1.54 6.021
31.443 -2.011 9.947 2.36 -56.551 -12.075 -27.497 172.44 -51.6 156.6 3.4 1.537 6.043
31.459 -2.104 9.948 2.512 -59.267 -12.149 -29.027 172.799 -52.2 156.6 3.402 1.535 6.071
31.474 -2.182 9.955 2.656 -61.63 -11.857 -30.515 173.64 -52.08 157.079 3.404 1.533 6.082
31.503 -2.254 9.944 2.819 -63.708 -11.399 -32.002 174.42 -51.66 157.859 3.406 1.531 6.089
31.519 -2.303 9.905 2.985 -65.793 -10.87 -33.688 175.14 -51.779 158.82 3.407 1.529 6.083
31.533 -2.394 9.88 3.147 -67.983 -10.354 -35.52 176.219 -51.54 159.899 3.409 1.526 6.072
31.563 -2.479 9.859 3.338 -70.3 -9.641 -37.194 176.7 -50.699 160.739 3.409 1.524 6.052
31.608 -2.565 9.84 3.542 -72.426 -8.913 -38.765 176.879 -49.56 161.64 3.411 1.522 6.028
31.61 -2.665 9.804 3.732 -74.167 -8.367 -40.069 177.72 -48.36 162.48 3.413 1.52 5.993
31.653 -2.738 9.727 3.935 -75.67 -7.916 -41.054 178.26 -47.7 163.26 3.413 1.519 5.954
31.654 -2.785 9.607 4.133 -77.24 -7.8 -41.748 180.0 -46.44 164.16 3.414 1.517 5.919
31.668 -2.838 9.494 4.368 -79.184 -7.987 -42.238 181.2 -45.48 165.6 3.413 1.515 5.883
31.683 -2.876 9.357 4.608 -81.054 -8.424 -42.519 182.7 -44.46 166.86 3.413 1.513 5.867
31.699 -2.947 9.178 4.786 -82.641 -9.045 -42.616 183.9 -43.26 167.82 3.414 1.512 5.862
31.714 -3.015 9.081 5.03 -84.173 -9.581 -42.379 185.04 -41.88 169.56 3.416 1.511 5.869
31.743 -3.067 8.987 5.253 -84.774 -10.189 -41.94 186.719 -40.32 170.76 3.419 1.51 5.882
31.759 -3.122 8.805 5.423 -84.482 -10.848 -41.38 188.519 -38.88 171.72 3.422 1.509 5.888
31.789 -3.146 8.598 5.609 -84.214 -11.314 -40.745 190.799 -38.4 173.64 3.422 1.508 5.917
31.804 -3.163 8.43 5.82 -84.227 -11.735 -40.352 193.44 -37.32 175.92 3.422 1.507 5.95
31.819 -3.216 8.269 6.029 -84.14 -12.154 -40.166 196.02 -35.58 177.78 3.425 1.506 5.973
31.848 -3.257 8.082 6.241 -83.691 -12.535 -39.994 198.18 -34.739 180.06 3.428 1.506 5.991
31.864 -3.282 7.85 6.427 -83.259 -13.022 -39.898 200.52 -33.36 181.92 3.434 1.505 5.996
31.893 -3.331 7.664 6.62 -83.304 -13.583 -39.802 202.98 -32.94 182.939 3.441 1.504 5.994
31.895 -3.33 7.462 6.835 -83.184 -14.326 -39.556 204.9 -32.7 184.739 3.446 1.504 5.989
31.923 -3.34 7.135 6.976 -82.839 -15.51 -39.228 207.78 -32.22 185.94 3.455 1.503 5.989
31.953 -3.361 6.832 7.16 -83.661 -16.861 -38.713 210.42 -32.1 187.02 3.464 1.503 5.997
31.954 -3.355 6.66 7.413 -84.651 -18.341 -38.163 213.3 -31.859 188.22 3.473 1.502 6.014
31.984 -3.405 6.418 7.61 -84.506 -20.059 -37.58 216.48 -31.68 189.48 3.482 1.501 6.018
32.014 -3.399 6.044 7.776 -84.449 -21.406 -36.727 218.28 -31.32 190.32 3.492 1.5 6.031
32.016 -3.369 5.701 7.926 -85.131 -22.658 -35.942 221.1 -31.74 191.1 3.502 1.498 6.061
32.043 -3.404 5.494 8.117 -86.009 -23.693 -35.315 223.44 -32.28 191.28 3.513 1.497 6.094
32.058 -3.429 5.233 8.266 -86.051 -24.035 -34.519 225.96 -32.16 191.64 3.521 1.495 6.137
32.073 -3.414 4.879 8.382 -85.226 -23.894 -33.635 227.82 -32.1 193.019 3.53 1.494 6.188
32.104 -3.408 4.546 8.551 -85.003 -23.295 -32.993 231.12 -32.04 193.2 3.54 1.492 6.229
32.118 -3.417 4.29 8.749 -85.181 -22.358 -32.637 233.52 -32.279 193.56 3.546 1.49 6.259
32.134 -3.401 4.013 8.902 -84.842 -20.836 -32.447 235.74 -31.859 194.219 3.553 1.488 6.278
32.164 -3.385 3.639 8.976 -84.348 -19.009 -32.175 238.259 -32.7 195.18 3.56 1.487 6.301
32.179 -3.363 3.315 9.058 -84.746 -17.043 -31.832 240.599 -32.88 195.6 3.568 1.485 6.315
32.192 -3.361 3.037 9.131 -85.018 -15.358 -31.461 243.179 -33.42 195.78 3.576 1.484 6.318
32.223 -3.378 2.733 9.201 -84.728 -13.826 -30.9 245.519 -33.96 195.6 3.585 1.484 6.322
32.238 -3.343 2.39 9.25 -84.237 -12.285 -30.002 248.16 -33.72 195.599 3.593 1.483 6.318
32.253 -3.27 2.091 9.309 -83.613 -11.276 -29.019 250.56 -34.8 195.239 3.6 1.482 6.317
32.283 -3.228 1.79 9.347 -83.255 -10.809 -28.207 253.439 -34.8 194.759 3.606 1.481 6.316
32.313 -3.195 1.509 9.344 -83.176 -10.761 -27.331 256.019 -35.099 194.82 3.611 1.481 6.32
32.314 -3.162 1.295 9.33 -82.467 -10.925 -26.266 258.24 -35.04 194.399 3.616 1.48 6.332
32.344 -3.123 0.98 9.273 -80.267 -11.265 -24.942 260.76 -35.88 194.64 3.621 1.48 6.35
32.359 -3.094 0.739 9.328 -78.107 -11.825 -23.68 263.52 -36.239 193.679 3.626 1.48 6.365
32.372 -3.035 0.595 9.452 -76.048 -12.609 -22.51 266.159 -36.599 192.719 3.633 1.479 6.378
32.403 -3.003 0.291 9.45 -73.688 -13.403 -21.422 268.799 -36.72 192.239 3.639 1.478 6.402
32.418 -2.906 0.007 9.511 -72.399 -13.887 -20.564 270.419 -37.499 191.7 3.641 1.477 6.424
32.433 -2.889 -0.332 9.48 -71.78 -14.783 -20.034 272.82 -38.099 191.099 3.643 1.477 6.45
32.463 -2.863 -0.596 9.49 -71.769 -15.233 -19.501 275.34 -38.339 190.739 3.646 1.476 6.471
32.479 -2.831 -0.835 9.503 -70.82 -15.593 -18.867 278.159 -39.12 189.6 3.649 1.476 6.488
32.494 -2.821 -1.142 9.472 -69.006 -15.395 -18.39 279.84 -39.96 188.28 3.652 1.476 6.494
32.524 -2.767 -1.542 9.433 -68.284 -14.785 -18.238 281.88 -41.28 187.079 3.655 1.475 6.475
32.539 -2.754 -1.872 9.466 -69.864 -14.239 -18.698 283.62 -41.94 185.339 3.657 1.474 6.446
32.554 -2.742 -2.126 9.47 -72.45 -13.204 -19.435 285.06 -42.059 183.9 3.658 1.472 6.426
32.584 -2.726 -2.473 9.368 -74.182 -11.825 -19.98 286.919 -43.08 182.399 3.659 1.472 6.424
32.598 -2.722 -2.764 9.295 -74.954 -10.315 -20.229 288.6 -43.559 180.359 3.66 1.472 6.429
32.613 -2.696 -3.1 9.16 -74.788 -8.655 -20.268 290.88 -43.44 178.56 3.661 1.473 6.441
32.643 -2.628 -3.369 9.046 -74.867 -7.079 -20.29 292.38 -43.86 176.94 3.663 1.473 6.44
32.658 -2.6 -3.699 8.915 -74.856 -5.829 -20.428 293.88 -44.16 175.32 3.664 1.472 6.45
32.673 -2.546 -3.927 8.807 -75.951 -4.603 -20.542 295.08 -44.399 174.12 3.666 1.471 6.461
32.703 -2.458 -4.088 8.802 -76.777 -3.844 -20.409 296.699 -44.459 172.86 3.668 1.47 6.484
32.719 -2.429 -4.242 8.749 -76.948 -3.477 -20.018 298.679 -44.64 171.0 3.67 1.468 6.52
32.732 -2.375 -4.451 8.628 -75.878 -3.334 -19.23 300.84 -45.6 168.96 3.672 1.468 6.541
32.764 -2.328 -4.783 8.382 -74.58 -3.37 -18.244 302.64 -45.959 167.28 3.676 1.468 6.542
32.778 -2.27 -5.072 8.178 -74.379 -3.236 -17.301 303.78 -46.26 165.779 3.679 1.466 6.509
32.793 -2.17 -5.235 8.065 -75.111 -3.416 -16.732 305.58 -47.1 164.82 3.683 1.465 6.47
32.823 -2.144 -5.347 7.923 -75.345 -3.979 -16.245 307.38 -47.1 163.019 3.688 1.463 6.423
32.839 -2.084 -5.536 7.793 -74.011 -3.751 -15.618 309.12 -47.64 161.4 3.693 1.461 6.381
32.853 -2.037 -5.693 7.637 -72.771 -3.4 -15.048 310.8 -47.76 159.36 3.699 1.461 6.326
32.883 -1.994 -5.942 7.466 -71.298 -2.673 -14.663 311.82 -48.66 157.739 3.705 1.46 6.27
32.898 -1.995 -6.126 7.265 -70.375 -1.77 -14.354 313.74 -49.019 155.459 3.71 1.46 6.221
32.914 -1.944 -6.31 7.044 -68.535 -0.694 -13.925 315.3 -49.26 153.54 3.717 1.46 6.192
32.944 -1.866 -6.46 6.867 -66.288 0.715 -13.638 316.02 -48.899 152.459 3.725 1.459 6.176
32.973 -1.832 -6.603 6.697 -63.46 1.566 -13.522 317.28 -48.719 150.959 3.732 1.458 6.145
32.975 -1.797 -6.712 6.572 -60.287 2.228 -13.344 318.479 -49.199 149.159 3.741 1.457 6.125
33.003 -1.769 -6.831 6.411 -56.591 2.854 -13.019 319.32 -49.439 147.479 3.749 1.457 6.113
33.019 -1.721 -6.99 6.26 -52.607 3.67 -12.535 320.52 -50.519 146.16 3.76 1.457 6.103
33.034 -1.727 -7.088 6.132 -49.516 4.06 -11.932 321.42 -50.22 144.78 3.767 1.457 6.066
33.063 -1.702 -7.226 6.022 -46.067 4.306 -11.308 321.78 -51.06 143.7 3.775 1.457 6.034
33.079 -1.667 -7.27 5.915 -42.752 4.157 -10.42 323.46 -50.94 141.78 3.784 1.458 6.007
33.093 -1.61 -7.39 5.727 -38.513 4.225 -9.503 323.58 -51.18 140.459 3.792 1.458 5.98
33.124 -1.546 -7.525 5.584 -34.523 4.484 -8.69 323.58 -51.54 139.5 3.799 1.459 5.92
33.139 -1.521 -7.591 5.502 -31.164 4.614 -7.746 324.18 -51.54 138.06 3.806 1.46 5.884
33.154 -1.486 -7.572 5.495 -27.822 4.687 -6.603 324.66 -51.9 137.34 3.811 1.461 5.883
33.184 -1.514 -7.681 5.363 -23.653 4.505 -5.648 325.14 -51.179 136.62 3.815 1.462 5.902
33.198 -1.468 -7.766 5.34 -20.061 4.816 -4.633 325.62 -51.06 135.78 3.818 1.462 5.894
33.213 -1.425 -7.805 5.347 -17.384 4.494 -3.658 325.62 -51.06 135.42 3.819 1.463 5.884
33.243 -1.368 -7.81 5.352 -14.89 3.764 -2.815 325.86 -51.18 134.579 3.822 1.463 5.905
33.259 -1.355 -7.815 5.3 -12.283 3.036 -1.832 326.46 -50.94 134.1 3.823 1.463 5.928
33.273 -1.355 -7.914 5.244 -9.483 2.603 -0.993 326.039 -50.64 134.04 3.823 1.463 5.93
33.303 -1.356 -7.924 5.266 -7.547 1.831 -0.136 326.219 -50.339 134.1 3.822 1.463 5.913
33.318 -1.434 -7.888 5.263 -5.576 0.758 0.812 326.64 -50.399 134.04 3.822 1.463 5.933
33.349 -1.476 -7.886 5.177 -2.918 0.058 1.938 326.46 -50.22 133.979 3.821 1.463 5.94
33.363 -1.484 -7.919 5.084 0.081 0.061 3.245 326.28 -50.76 133.799 3.819 1.463 5.913
33.379 -1.448 -7.836 5.095 2.972 0.398 4.765 326.34 -51.179 133.739 3.818 1.463 5.88
33.393 -1.505 -7.789 5.015 6.228 0.764 6.34 326.219 -51.3 133.859 3.818 1.464 5.87
33.423 -1.589 -7.678 4.943 9.953 1.805 7.924 325.86 -51.42 134.1 3.817 1.463 5.855
33.453 -1.664 -7.61 4.871 14.887 3.517 9.664 325.44 -51.6 135.24 3.816 1.464 5.842
33.454 -1.721 -7.511 4.883 20.079 5.597 11.375 325.14 -51.42 135.78 3.814 1.463 5.828
33.484 -1.813 -7.358 4.946 25.545 7.695 13.095 325.679 -51.48 137.16 3.814 1.464 5.834
33.499 -1.933 -7.241 5.016 31.795 9.849 14.78 325.68 -51.6 138.359 3.814 1.465 5.86
33.514 -1.982 -7.186 5.106 38.119 12.372 16.31 325.62 -51.3 139.859 3.815 1.465 5.872
33.543 -2.025 -7.054 5.26 43.493 14.283 17.521 325.68 -51.12 141.599 3.816 1.466 5.89
33.558 -2.17 -6.89 5.438 48.722 15.277 18.454 325.44 -49.92 143.28 3.819 1.468 5.944
33.573 -2.294 -6.815 5.631 53.933 16.302 19.258 324.96 -49.08 145.32 3.821 1.471 5.988
33.604 -2.382 -6.7 5.849 58.734 16.892 19.83 324.3 -48.06 147.18 3.822 1.474 6.029
33.619 -2.485 -6.539 6.093 63.091 16.93 20.236 323.4 -46.8 149.52 3.824 1.475 6.079
33.633 -2.584 -6.389 6.342 67.103 16.766 20.413 322.799 -46.2 151.8 3.827 1.475 6.126
33.663 -2.655 -6.272 6.597 70.38 16.505 20.506 322.02 -45.3 154.62 3.829 1.476 6.166
33.678 -2.735 -6.075 6.817 72.677 15.645 20.553 320.28 -44.64 157.2 3.831 1.476 6.211
33.693 -2.83 -5.885 6.989 74.532 14.806 20.496 319.38 -43.739 159.66 3.832 1.475 6.239
33.723 -2.896 -5.595 7.259 76.009 14.071 20.624 317.82 -42.78 162.42 3.832 1.475 6.269
33.739 -3.011 -5.358 7.49 77.906 13.325 20.912 316.44 -42.36 164.76 3.832 1.475 6.296
33.769 -3.054 -5.202 7.65 79.509 13.077 21.228 314.82 -41.46 167.22 3.832 1.474 6.317
33.783 -3.112 -4.958 7.757 80.234 12.793 21.409 313.32 -40.44 169.8 3.832 1.47 6.34
33.799 -3.159 -4.616 7.923 80.567 12.822 21.667 311.82 -39.78 172.38 3.833 1.468 6.354
33.813 -3.254 -4.284 8.117 81.511 12.991 22.202 310.32 -38.88 174.36 3.835 1.467 6.36
33.843 -3.344 -4.063 8.254 83.174 13.167 23.043 308.099 -37.62 175.98 3.836 1.467 6.361
33.859 -3.439 -3.824 8.312 84.324 13.046 23.9 305.76 -36.96 177.6 3.838 1.466 6.369
33.874 -3.48 -3.535 8.445 84.974 13.258 24.597 303.84 -36.24 178.92 3.84 1.467 6.369
33.904 -3.531 -3.138 8.647 85.283 13.138 25.348 301.44 -35.64 181.2 3.843 1.469 6.368
33.919 -3.639 -2.885 8.708 86.541 12.754 26.322 299.16 -34.32 183.0 3.847 1.473 6.353
33.933 -3.697 -2.704 8.697 87.593 12.328 27.34 296.7 -32.7 185.82 3.851 1.478 6.33
33.994 -3.7 -2.328 8.813 87.819 11.855 28.326 294.24 -32.64 187.92 3.854 1.483 6.311
34.008 -3.757 -1.92 8.978 88.179 11.174 29.348 291.24 -32.04 189.839 3.858 1.487 6.302
34.009 -3.891 -1.666 8.998 89.338 9.938 30.459 288.36 -31.32 191.64 3.86 1.491 6.293
34.023 -3.914 -1.483 8.953 90.245 9.207 31.446 285.9 -30.54 193.859 3.862 1.493 6.278
34.039 -3.911 -1.094 9.027 90.064 8.519 32.005 283.799 -30.24 195.24 3.864 1.495 6.275
34.068 -3.936 -0.64 9.179 90.561 7.683 32.303 281.28 -30.0 197.04 3.866 1.496 6.27
34.084 -4.033 -0.313 9.192 92.359 6.739 32.665 277.919 -29.04 198.24 3.867 1.497 6.265
34.129 -4.073 -0.094 9.135 94.377 6.414 32.993 274.62 -28.38 199.38 3.866 1.495 6.263
34.13 -4.071 0.284 9.192 95.06 6.045 32.916 271.62 -28.38 200.1 3.865 1.492 6.279
34.144 -4.111 0.762 9.299 95.804 5.421 32.854 268.68 -28.32 200.4 3.864 1.487 6.298
34.159 -4.179 1.095 9.323 96.964 4.85 32.968 266.1 -27.54 200.579 3.86 1.483 6.301
34.173 -4.21 1.413 9.312 97.877 4.19 33.125 263.219 -27.18 200.459 3.856 1.479 6.294
34.219 -4.195 1.785 9.349 98.743 3.633 33.154 260.219 -27.18 200.099 3.85 1.475 6.295
34.22 -4.188 2.148 9.359 99.25 2.691 33.23 256.74 -27.06 199.5 3.844 1.473 6.305
34.234 -4.214 2.49 9.316 98.572 1.714 33.358 252.6 -27.119 199.68 3.838 1.471 6.316
34.264 -4.189 2.83 9.26 97.503 0.82 33.626 249.959 -26.639 199.2 3.832 1.47 6.323
34.278 -4.176 3.117 9.179 96.303 -0.261 33.823 247.859 -27.059 198.9 3.826 1.47 6.33
34.293 -4.133 3.407 9.075 94.235 -1.258 34.059 245.099 -27.299 198.06 3.821 1.469 6.341
34.324 -4.117 3.797 8.981 91.984 -2.311 34.251 241.799 -27.6 197.76 3.816 1.469 6.35
34.355 -4.043 4.094 8.884 90.598 -2.746 34.236 238.98 -28.38 196.26 3.812 1.47 6.361
34.356 -3.978 4.36 8.757 89.565 -3.004 34.074 235.56 -28.68 195.6 3.809 1.47 6.385
34.384 -3.927 4.619 8.621 88.18 -2.952 33.806 232.679 -29.159 194.28 3.807 1.47 6.416
34.399 -3.874 4.985 8.558 85.978 -2.626 33.578 230.16 -29.279 193.32 3.805 1.471 6.434
34.428 -3.826 5.337 8.498 84.539 -2.249 33.135 227.16 -29.88 192.24 3.802 1.471 6.443
34.443 -3.768 5.554 8.332 84.319 -1.742 32.788 225.66 -30.3 190.86 3.798 1.473 6.443
34.459 -3.743 5.823 8.183 83.667 -0.851 32.347 222.539 -31.139 189.18 3.793 1.476 6.451
34.474 -3.642 6.102 8.069 82.629 0.506 31.812 219.06 -31.98 186.9 3.787 1.478 6.46
34.503 -3.575 6.446 8.02 81.742 1.622 31.117 216.66 -33.059 185.1 3.781 1.479 6.47
34.518 -3.527 6.594 7.827 81.876 2.879 30.374 214.74 -33.66 183.3 3.773 1.479 6.475
34.537 -3.502 6.767 7.626 81.043 4.291 29.663 212.04 -34.08 182.28 3.763 1.478 6.462
34.563 -3.464 7.0 7.437 79.506 5.666 28.807 210.06 -34.86 180.66 3.749 1.477 6.437
34.578 -3.428 7.211 7.219 78.611 6.58 27.884 208.08 -35.519 179.64 3.73 1.477 6.398
34.593 -3.388 7.348 6.975 78.149 7.63 26.97 205.439 -36.12 178.079 3.712 1.476 6.358
34.624 -3.342 7.464 6.712 77.022 8.87 26.319 203.88 -37.44 177.119 3.694 1.475 6.329
34.638 -3.293 7.692 6.557 75.254 9.916 25.669 201.42 -38.339 175.859 3.677 1.472 6.299
34.653 -3.249 7.851 6.333 74.349 10.58 25.202 199.8 -39.12 174.48 3.661 1.468 6.254
34.684 -3.228 8.037 6.135 73.496 11.164 24.904 198.18 -39.54 174.18 3.643 1.464 6.205
34.713 -3.189 8.138 5.866 73.144 11.554 24.703 195.9 -39.66 172.859 3.623 1.463 6.155
34.728 -3.119 8.296 5.665 71.811 11.982 24.4 194.1 -40.38 171.78 3.606 1.462 6.112
34.774 -3.071 8.45 5.471 70.023 11.938 24.032 192.66 -40.98 170.7 3.589 1.462 6.092
34.775 -3.019 8.611 5.306 68.253 11.687 23.753 191.04 -42.12 169.2 3.577 1.461 6.087
34.79 -2.913 8.754 5.154 66.411 11.634 23.684 189.3 -43.26 167.82 3.569 1.46 6.094
34.803 -2.799 8.838 4.977 64.277 11.383 23.632 187.92 -44.64 167.04 3.562 1.459 6.096
34.818 -2.743 8.988 4.814 62.327 10.573 23.339 186.42 -45.42 165.54 3.554 1.459 6.098
34.833 -2.686 9.089 4.612 61.067 9.924 23.007 185.4 -46.44 164.64 3.547 1.458 6.095
34.879 -2.608 9.145 4.444 59.556 9.683 22.607 184.14 -46.98 164.099 3.541 1.456 6.109
34.879 -2.509 9.189 4.271 57.954 9.293 22.035 183.359 -48.0 162.839 3.537 1.456 6.113
34.924 -2.448 9.24 4.122 55.862 8.9 21.104 182.64 -48.839 162.0 3.536 1.455 6.118
34.925 -2.393 9.297 3.968 53.699 8.593 20.359 181.38 -50.1 160.74 3.534 1.455 6.129
34.938 -2.35 9.377 3.82 52.214 8.668 19.85 180.42 -50.82 160.02 3.534 1.455 6.116
34.953 -2.281 9.39 3.644 51.591 9.1 19.37 179.34 -51.54 159.42 3.532 1.455 6.09
34.983 -2.273 9.408 3.472 50.863 9.63 18.714 178.98 -52.499 158.58 3.532 1.456 6.063
35.013 -2.235 9.458 3.299 49.904 10.354 18.016 178.38 -52.379 157.5 3.533 1.458 6.054
35.014 -2.18 9.493 3.153 48.319 11.503 17.37 177.839 -52.799 157.56 3.534 1.46 6.035
35.043 -2.127 9.521 2.995 46.587 12.512 16.731 176.519 -52.92 156.72 3.534 1.462 6.025
35.058 -2.095 9.551 2.835 44.864 13.348 16.02 175.559 -53.52 156.0 3.535 1.465 6.008
35.089 -2.073 9.572 2.665 43.001 14.259 15.378 174.659 -53.58 155.94 3.535 1.466 6.006
35.103 -2.075 9.621 2.522 41.163 15.136 15.094 173.999 -52.8 155.76 3.536 1.467 6.005
35.118 -2.02 9.656 2.374 39.83 15.713 15.022 173.7 -52.379 156.06 3.535 1.468 5.997
35.133 -1.96 9.659 2.205 38.509 15.954 14.867 173.579 -52.5 155.46 3.532 1.469 5.994
35.163 -1.908 9.675 2.045 36.761 15.862 14.662 172.919 -51.48 155.4 3.53 1.469 6.003
35.194 -1.831 9.692 1.899 34.902 15.49 14.407 172.26 -50.7 155.7 3.527 1.469 6.009
35.195 -1.788 9.694 1.768 33.078 14.919 14.029 171.359 -51.719 156.24 3.524 1.468 6.011
35.224 -1.686 9.695 1.655 31.525 14.193 13.569 170.7 -51.059 155.7 3.523 1.468 6.018
35.238 -1.649 9.706 1.516 29.858 13.096 12.98 170.46 -51.18 155.94 3.522 1.469 6.021
35.253 -1.611 9.716 1.376 28.035 12.127 12.609 170.459 -50.94 155.94 3.519 1.468 6.024
35.283 -1.555 9.759 1.29 26.59 11.251 12.354 170.459 -50.82 155.579 3.515 1.469 5.994
35.298 -1.454 9.781 1.177 25.841 10.426 11.945 170.399 -51.96 155.879 3.51 1.468 5.95
35.328 -1.428 9.751 1.044 25.12 9.864 11.264 170.22 -52.14 155.46 3.506 1.468 5.91
35.344 -1.381 9.752 0.961 23.858 9.681 10.507 168.66 -51.779 155.22 3.5 1.468 5.881
35.359 -1.334 9.764 0.877 22.524 9.577 9.807 168.54 -52.739 155.339 3.493 1.468 5.836
35.373 -1.297 9.773 0.783 21.328 9.726 9.21 168.42 -52.86 155.219 3.486 1.468 5.782
35.404 -1.252 9.795 0.682 20.515 10.095 8.758 168.9 -52.26 155.219 3.478 1.468 5.719
35.433 -1.243 9.778 0.574 19.864 10.628 8.398 168.6 -52.56 155.04 3.469 1.467 5.666
35.435 -1.178 9.756 0.512 19.029 11.464 8.18 168.42 -52.14 154.98 3.46 1.466 5.625
35.464 -1.119 9.748 0.45 18.237 12.038 7.809 167.64 -52.08 155.04 3.453 1.466 5.595
35.479 -1.081 9.734 0.365 17.172 12.486 7.377 166.979 -51.66 155.58 3.446 1.466 5.592
35.494 -1.015 9.727 0.309 15.754 12.858 7.035 166.859 -51.179 155.7 3.44 1.465 5.61
35.524 -0.967 9.748 0.276 14.297 12.705 6.651 166.38 -50.699 155.46 3.434 1.465 5.618
35.54 -0.934 9.754 0.217 13.172 12.129 6.282 167.04 -50.999 155.76 3.432 1.465 5.631
35.568 -0.899 9.787 0.201 12.258 11.279 5.946 166.679 -50.4 156.0 3.431 1.464 5.641
35.583 -0.861 9.782 0.154 11.78 9.953 5.594 166.32 -50.16 156.0 3.429 1.464 5.664
35.598 -0.824 9.764 0.124 11.189 8.332 5.19 165.9 -50.46 155.82 3.428 1.464 5.703
35.613 -0.817 9.772 0.091 10.325 6.297 4.751 166.2 -50.16 155.76 3.425 1.463 5.738
35.643 -0.793 9.786 0.061 9.414 4.101 4.351 165.9 -50.1 155.339 3.423 1.462 5.75
35.658 -0.761 9.78 0.027 8.683 1.808 3.931 165.66 -50.22 155.22 3.42 1.462 5.75
35.674 -0.745 9.759 0.002 7.857 -0.454 3.54 165.66 -50.58 154.38 3.417 1.461 5.755
35.703 -0.757 9.767 -0.017 6.774 -2.679 3.119 165.0 -50.88 154.32 3.414 1.46 5.761
35.719 -0.747 9.764 -0.035 5.878 -4.54 2.761 165.12 -51.36 154.68 3.412 1.46 5.764
35.733 -0.724 9.742 -0.058 5.05 -6.158 2.455 165.6 -51.839 154.44 3.409 1.46 5.753
35.779 -0.745 9.714 -0.12 4.027 -7.458 2.141 166.079 -52.44 153.96 3.407 1.46 5.754
35.78 -0.748 9.736 -0.115 2.896 -8.155 1.884 165.78 -52.86 153.78 3.404 1.46 5.741
35.793 -0.773 9.752 -0.13 2.251 -8.524 1.577 165.78 -52.379 153.9 3.401 1.46 5.708
35.823 -0.774 9.741 -0.171 2.054 -8.355 1.136 165.48 -53.04 153.84 3.4 1.461 5.659
35.839 -0.789 9.717 -0.204 1.871 -7.758 0.52 166.2 -53.64 153.359 3.399 1.461 5.633
35.853 -0.797 9.731 -0.222 1.298 -6.812 -0.067 166.44 -54.24 153.24 3.4 1.462 5.608
35.883 -0.799 9.749 -0.252 0.951 -5.709 -0.648 166.44 -55.08 153.48 3.4 1.462 5.574
35.899 -0.807 9.731 -0.287 0.791 -4.362 -1.129 166.32 -55.56 153.36 3.4 1.463 5.537
35.913 -0.797 9.747 -0.307 0.438 -2.79 -1.408 166.32 -55.559 153.119 3.401 1.463 5.512
35.943 -0.797 9.77 -0.334 0.38 -1.213 -1.707 165.6 -55.319 152.88 3.399 1.462 5.491
35.958 -0.796 9.754 -0.361 0.508 0.38 -2.083 165.54 -54.899 153.18 3.397 1.462 5.478
35.989 -0.787 9.733 -0.396 0.357 1.901 -2.511 165.6 -54.959 153.48 3.395 1.462 5.484
36.003 -0.77 9.726 -0.416 -0.273 3.243 -2.925 165.42 -55.5 152.94 3.394 1.462 5.494
36.018 -0.75 9.74 -0.408 -0.996 4.283 -3.194 165.359 -55.319 152.76 3.392 1.462 5.529
36.033 -0.738 9.771 -0.41 -1.344 5.007 -3.327 164.7 -55.619 153.3 3.389 1.463 5.554
36.064 -0.733 9.774 -0.4 -0.972 5.5 -3.397 164.7 -55.019 153.3 3.385 1.464 5.584
36.08 -0.716 9.742 -0.398 -0.419 5.686 -3.425 164.82 -54.179 153.54 3.382 1.465 5.61
36.093 -0.68 9.723 -0.403 -0.068 5.524 -3.49 165.3 -53.819 153.54 3.378 1.465 5.636
36.123 -0.669 9.718 -0.409 0.098 4.949 -3.706 165.24 -53.64 153.48 3.374 1.466 5.654
36.139 -0.653 9.725 -0.388 0.15 4.22 -3.883 165.42 -53.58 153.3 3.373 1.465 5.664
36.154 -0.627 9.73 -0.384 0.327 3.292 -3.947 164.7 -53.339 152.7 3.372 1.465 5.664
36.198 -0.62 9.737 -0.387 0.523 2.221 -3.93 164.88 -53.279 152.16 3.37 1.465 5.656
36.199 -0.608 9.74 -0.38 0.91 1.035 -3.838 164.94 -52.86 152.46 3.367 1.465 5.639
36.228 -0.611 9.73 -0.379 1.307 -0.169 -3.745 164.4 -52.919 152.04 3.366 1.465 5.613
36.243 -0.613 9.708 -0.378 1.565 -1.278 -3.603 164.339 -52.14 152.1 3.364 1.464 5.592
36.258 -0.608 9.7 -0.388 1.548 -2.341 -3.458 164.76 -52.679 152.04 3.363 1.462 5.565
36.273 -0.622 9.724 -0.406 1.439 -3.261 -3.322 164.219 -52.5 151.859 3.361 1.461 5.546
36.303 -0.637 9.74 -0.407 1.505 -3.937 -3.135 163.739 -52.62 151.38 3.36 1.462 5.522
36.318 -0.647 9.724 -0.416 1.651 -4.426 -2.922 162.6 -53.16 151.079 3.358 1.462 5.503
36.334 -0.664 9.715 -0.425 1.657 -4.786 -2.79 162.0 -53.16 151.079 3.357 1.464 5.5
36.363 -0.686 9.718 -0.415 1.607 -4.948 -2.698 162.239 -53.879 150.72 3.357 1.465 5.502
36.379 -0.703 9.728 -0.407 1.702 -4.853 -2.566 161.16 -54.119 150.84 3.357 1.465 5.507
36.393 -0.725 9.712 -0.434 1.882 -4.529 -2.452 160.619 -54.179 150.9 3.356 1.466 5.518
36.425 -0.729 9.707 -0.44 1.953 -3.98 -2.397 160.44 -54.72 151.44 3.356 1.466 5.518
36.438 -0.732 9.703 -0.45 1.961 -3.459 -2.464 160.62 -55.379 150.54 3.355 1.468 5.517
36.454 -0.756 9.703 -0.462 1.887 -2.824 -2.544 160.079 -55.56 150.0 3.354 1.47 5.515
36.483 -0.755 9.705 -0.448 1.808 -1.942 -2.53 160.079 -55.44 149.28 3.354 1.47 5.507
36.499 -0.761 9.705 -0.442 1.873 -1.132 -2.499 160.14 -55.14 149.1 3.353 1.47 5.503
36.514 -0.777 9.696 -0.445 2.012 -0.372 -2.436 160.739 -54.9 148.98 3.354 1.472 5.502
36.543 -0.779 9.698 -0.448 1.99 0.482 -2.264 161.04 -54.839 149.04 3.356 1.472 5.496
36.558 -0.766 9.703 -0.452 1.981 1.32 -2.058 160.859 -55.14 149.22 3.357 1.472 5.485
36.574 -0.743 9.679 -0.457 2.009 1.916 -1.979 161.34 -55.14 148.74 3.359 1.472 5.481
36.603 -0.735 9.681 -0.443 1.79 2.371 -1.948 161.52 -54.719 147.72 3.362 1.473 5.495
36.619 -0.734 9.703 -0.427 1.512 2.758 -1.821 161.579 -54.42 147.06 3.365 1.473 5.524
36.648 -0.734 9.712 -0.422 1.443 3.103 -1.553 161.76 -54.239 147.119 3.369 1.473 5.549
36.663 -0.708 9.711 -0.414 1.481 3.322 -1.258 161.76 -53.279 147.119 3.372 1.472 5.583