19.308 -0.612 -2.579 10.139 -1.397 0.724 -2.296 386.4 -39.239 222.239 4.636 1.436 7.111
19.338 -0.61 -2.569 10.151 -1.587 0.706 -2.277 386.46 -38.94 222.54 4.635 1.436 7.109
19.353 -0.592 -2.591 10.181 -1.564 0.609 -2.27 386.64 -39.48 222.6 4.637 1.436 7.105
19.368 -0.599 -2.553 10.201 -2.093 0.593 -2.354 387.12 -38.88 223.079 4.639 1.436 7.098
19.398 -0.592 -2.566 10.224 -2.56 0.61 -2.391 387.72 -39.48 222.959 4.642 1.436 7.095
19.413 -0.589 -2.589 10.255 -3.169 0.395 -2.42 387.84 -39.839 222.959 4.647 1.436 7.092
19.428 -0.585 -2.642 10.265 -4.132 0.225 -2.511 388.2 -39.48 223.32 4.653 1.437 7.092
19.458 -0.589 -2.674 10.287 -5.534 0.186 -2.522 387.96 -39.48 222.479 4.66 1.437 7.092
19.473 -0.592 -2.628 10.288 -6.944 0.095 -2.505 388.14 -39.9 222.66 4.667 1.436 7.094
19.488 -0.594 -2.629 10.284 -7.896 -0.025 -2.657 388.559 -40.32 223.44 4.674 1.437 7.101
19.518 -0.59 -2.685 10.272 -8.806 -0.114 -2.79 388.979 -40.62 223.019 4.682 1.436 7.106
19.533 -0.604 -2.746 10.261 -9.867 -0.251 -2.99 389.28 -40.8 222.48 4.69 1.436 7.115
19.548 -0.629 -2.693 10.281 -11.079 -0.478 -3.242 389.28 -40.44 221.76 4.696 1.437 7.126
19.577 -0.611 -2.759 10.292 -11.604 -0.875 -3.351 389.28 -40.56 220.92 4.701 1.445 7.141
19.593 -0.593 -2.778 10.331 -12.524 -1.313 -3.568 389.64 -40.2 220.68 4.704 1.455 7.155
19.608 -0.604 -2.811 10.312 -13.635 -1.587 -3.817 389.82 -40.5 220.38 4.7 1.464 7.17
19.638 -0.589 -2.875 10.319 -14.588 -1.824 -4.001 389.7 -40.739 219.18 4.7 1.472 7.18
19.668 -0.6 -2.928 10.304 -15.831 -2.274 -4.356 389.7 -40.98 219.539 4.702 1.479 7.194
19.669 -0.598 -3.012 10.317 -16.961 -2.718 -4.766 389.58 -40.62 219.179 4.709 1.485 7.212
19.698 -0.585 -3.141 10.29 -18.58 -3.146 -4.986 389.82 -40.26 217.5 4.715 1.489 7.232
19.713 -0.573 -3.153 10.301 -20.913 -3.521 -5.266 390.06 -40.379 216.66 4.723 1.492 7.252
19.728 -0.542 -3.28 10.245 -22.967 -3.959 -5.584 390.18 -40.499 216.3 4.73 1.495 7.266
19.758 -0.53 -3.392 10.181 -25.747 -4.416 -5.858 390.36 -41.16 215.4 4.737 1.495 7.278
19.773 -0.516 -3.476 10.138 -28.809 -4.612 -6.21 390.479 -42.36 214.32 4.745 1.49 7.29
19.788 -0.5 -3.673 10.022 -31.745 -4.818 -6.335 390.78 -42.9 212.7 4.752 1.48 7.304
19.818 -0.486 -3.795 9.936 -35.181 -5.024 -6.409 391.199 -42.96 211.2 4.764 1.471 7.31
19.833 -0.481 -3.869 9.825 -38.138 -5.145 -6.573 391.26 -42.9 209.7 4.771 1.464 7.323
19.848 -0.42 -4.058 9.714 -39.576 -5.308 -6.669 391.86 -43.019 207.3 4.776 1.457 7.326
19.878 -0.407 -4.25 9.542 -41.456 -5.849 -6.855 392.52 -43.559 205.32 4.776 1.453 7.322
19.893 -0.377 -4.343 9.452 -43.338 -6.179 -7.092 392.28 -44.279 204.48 4.775 1.448 7.312
19.908 -0.308 -4.461 9.38 -44.286 -6.483 -7.172 392.459 -45.059 202.739 4.773 1.445 7.299
19.937 -0.277 -4.561 9.286 -45.367 -6.867 -7.213 392.52 -45.48 200.4 4.768 1.442 7.268
19.954 -0.21 -4.772 9.146 -46.054 -7.122 -7.397 393.06 -45.899 198.3 4.761 1.439 7.236
19.968 -0.18 -4.882 9.043 -46.545 -7.477 -7.473 393.06 -46.019 196.14 4.755 1.438 7.204
19.998 -0.165 -4.988 8.943 -46.446 -7.807 -7.73 393.0 -45.959 194.64 4.749 1.436 7.166
20.013 -0.098 -5.138 8.88 -46.206 -8.095 -8.086 392.52 -46.08 193.32 4.744 1.435 7.123
20.028 -0.032 -5.237 8.859 -46.751 -8.374 -8.353 392.76 -46.68 191.76 4.739 1.434 7.078
20.058 -0.019 -5.246 8.809 -47.949 -8.758 -8.57 392.46 -47.339 190.26 4.734 1.434 7.041
20.073 0.045 -5.14 8.886 -48.397 -8.709 -8.79 392.7 -47.82 188.34 4.728 1.433 6.999
20.088 0.093 -5.363 8.834 -47.757 -8.835 -9.011 392.94 -48.06 186.42 4.721 1.433 6.948
20.118 0.119 -5.639 8.673 -48.993 -9.173 -9.339 393.36 -48.0 184.32 4.714 1.432 6.892
20.133 0.154 -5.583 8.637 -51.283 -9.219 -9.658 393.24 -48.24 182.64 4.71 1.432 6.865
20.148 0.221 -5.68 8.623 -51.586 -8.982 -9.722 392.76 -48.84 180.72 4.707 1.433 6.848
20.178 0.293 -5.689 8.592 -52.98 -9.177 -9.909 392.64 -49.32 178.68 4.704 1.432 6.832
20.193 0.36 -5.678 8.593 -53.939 -9.275 -10.134 391.86 -50.339 176.459 4.702 1.432 6.818
20.208 0.39 -5.864 8.475 -54.141 -9.341 -10.355 392.099 -50.699 173.339 4.699 1.432 6.81
20.238 0.383 -6.136 8.177 -54.629 -9.803 -10.58 391.799 -51.119 171.0 4.695 1.431 6.807
20.253 0.44 -6.376 8.041 -55.658 -9.377 -10.862 391.44 -51.599 168.719 4.691 1.431 6.79
20.268 0.48 -6.755 7.725 -57.732 -9.548 -10.961 390.48 -52.319 166.44 4.689 1.431 6.788
20.298 0.519 -6.703 7.606 -60.587 -9.44 -11.094 389.28 -52.2 163.44 4.688 1.43 6.797
20.313 0.523 -6.825 7.398 -61.023 -9.492 -11.164 388.08 -52.8 161.76 4.687 1.429 6.821
20.328 0.518 -7.263 7.116 -60.569 -9.607 -11.235 387.12 -53.76 159.359 4.687 1.429 6.827
20.358 0.546 -7.284 6.98 -62.838 -9.96 -11.529 386.159 -53.64 156.839 4.686 1.427 6.818
20.373 0.639 -7.481 6.874 -63.484 -9.593 -11.841 384.96 -53.999 154.92 4.685 1.427 6.803
20.388 0.683 -7.611 6.662 -65.954 -9.792 -12.043 384.6 -53.759 152.76 4.684 1.426 6.784
20.418 0.727 -7.636 6.473 -68.327 -9.683 -12.181 383.34 -54.3 150.54 4.684 1.426 6.769
20.433 0.803 -7.648 6.377 -69.372 -9.4 -12.345 381.72 -54.96 147.96 4.685 1.425 6.757
20.448 0.886 -7.726 6.199 -69.25 -9.615 -12.554 380.82 -55.26 145.5 4.686 1.424 6.755
20.478 0.949 -7.709 6.061 -69.436 -9.79 -12.858 379.74 -55.379 142.62 4.687 1.423 6.74
20.493 1.029 -7.847 5.895 -69.503 -9.772 -12.933 378.78 -56.339 140.1 4.688 1.423 6.727
20.508 1.089 -7.851 5.741 -70.684 -9.961 -12.874 377.34 -56.7 137.099 4.689 1.423 6.713
20.538 1.188 -7.837 5.574 -71.094 -9.737 -12.963 376.08 -56.16 134.28 4.69 1.423 6.701
20.553 1.257 -7.952 5.333 -70.644 -9.511 -12.86 374.159 -56.52 131.76 4.692 1.423 6.69
20.568 1.234 -8.182 4.875 -70.078 -9.841 -12.536 372.84 -56.879 128.759 4.696 1.422 6.68
20.597 1.316 -8.221 4.672 -69.406 -9.324 -12.283 370.919 -57.48 126.119 4.699 1.422 6.671
20.613 1.399 -8.325 4.456 -68.01 -9.705 -12.155 369.0 -57.839 123.0 4.703 1.422 6.657
20.628 1.441 -8.583 4.121 -67.365 -9.76 -12.079 367.38 -58.14 120.42 4.705 1.423 6.637
20.658 1.42 -8.724 3.741 -68.836 -9.606 -11.631 364.98 -58.14 117.66 4.701 1.425 6.618
20.673 1.459 -9.009 3.359 -67.964 -8.875 -11.093 363.06 -58.26 115.38 4.702 1.426 6.604
20.688 1.455 -9.127 2.971 -67.49 -8.819 -10.72 361.62 -58.739 113.1 4.705 1.427 6.587
20.718 1.562 -9.16 2.816 -66.028 -8.007 -10.634 359.76 -59.16 110.64 4.709 1.427 6.564
20.734 1.631 -9.115 2.683 -65.677 -7.718 -10.355 357.78 -59.58 108.3 4.715 1.427 6.552
20.747 1.638 -9.15 2.448 -65.274 -7.693 -10.058 355.919 -59.999 106.319 4.722 1.427 6.546
20.778 1.708 -9.125 2.319 -64.381 -7.337 -10.129 353.76 -59.519 104.52 4.73 1.427 6.541
20.792 1.775 -9.185 2.094 -62.94 -7.335 -10.248 351.78 -59.82 102.3 4.739 1.427 6.541
20.808 1.778 -9.236 1.851 -61.745 -7.128 -10.08 349.56 -59.64 101.039 4.748 1.427 6.545
20.838 1.823 -9.107 1.786 -60.724 -6.844 -9.703 348.0 -60.0 99.96 4.758 1.426 6.547
20.853 1.907 -8.974 1.74 -58.608 -6.891 -9.565 346.26 -60.419 98.22 4.775 1.424 6.548
20.868 1.939 -8.87 1.705 -56.836 -7.088 -9.615 343.799 -60.96 96.479 4.787 1.423 6.548
20.898 1.945 -9.039 1.469 -55.351 -7.162 -9.653 340.979 -60.659 94.859 4.799 1.421 6.552
20.913 1.941 -9.163 1.168 -54.867 -7.144 -9.518 338.82 -60.779 93.419 4.808 1.42 6.552
20.928 1.929 -9.287 0.891 -53.851 -7.17 -9.453 337.019 -61.26 92.1 4.817 1.419 6.549
20.958 1.94 -9.391 0.672 -52.817 -6.848 -9.524 335.58 -61.14 90.779 4.824 1.418 6.548
20.973 1.934 -9.477 0.468 -52.386 -6.609 -9.332 333.84 -61.319 90.479 4.83 1.417 6.549
20.988 1.87 -9.676 0.104 -52.272 -6.191 -9.024 332.04 -61.319 89.759 4.835 1.416 6.549
21.018 1.941 -9.656 -0.073 -52.863 -5.182 -8.949 330.6 -61.08 89.039 4.841 1.415 6.542
21.033 1.979 -9.759 -0.352 -51.532 -5.102 -9.082 328.68 -61.32 87.359 4.847 1.414 6.532
21.048 1.975 -9.885 -0.713 -50.23 -5.074 -9.185 326.52 -60.96 86.28 4.851 1.413 6.522
21.078 2.062 -9.74 -0.863 -50.285 -4.1 -9.203 325.08 -61.08 85.32 4.853 1.412 6.507
21.094 2.103 -9.739 -1.06 -48.389 -3.637 -9.085 323.58 -60.9 85.14 4.856 1.411 6.474
21.108 2.094 -9.694 -1.305 -47.041 -3.671 -9.047 321.84 -60.599 84.479 4.858 1.411 6.443
21.138 2.142 -9.641 -1.474 -45.303 -2.895 -9.012 320.1 -60.42 84.3 4.861 1.411 6.398
21.153 2.16 -9.71 -1.696 -42.289 -2.588 -8.796 318.6 -60.36 83.88 4.861 1.411 6.344
21.168 2.205 -9.597 -1.92 -40.342 -2.545 -8.605 316.68 -60.119 82.56 4.861 1.412 6.301
21.198 2.302 -9.47 -1.914 -37.012 -2.188 -8.488 315.12 -59.759 81.48 4.861 1.412 6.257
21.213 2.258 -9.523 -2.12 -33.443 -2.661 -8.218 313.32 -60.36 80.88 4.86 1.413 6.201
21.228 2.237 -9.462 -2.251 -31.409 -2.499 -7.897 312.06 -59.82 80.58 4.858 1.414 6.153
21.258 2.276 -9.398 -2.211 -28.99 -1.758 -7.635 311.22 -60.059 80.94 4.858 1.414 6.108
21.273 2.229 -9.51 -2.352 -25.759 -2.079 -7.206 310.2 -59.159 81.24 4.858 1.415 6.067
21.288 2.219 -9.396 -2.425 -24.154 -2.129 -6.839 309.12 -59.399 81.119 4.859 1.416 6.05
21.318 2.3 -9.352 -2.376 -21.821 -1.107 -6.472 308.459 -59.22 81.059 4.859 1.417 6.044
21.332 2.333 -9.394 -2.48 -19.372 -1.351 -5.98 307.679 -59.04 80.879 4.859 1.417 6.042
21.348 2.348 -9.324 -2.599 -17.97 -1.455 -5.609 306.539 -59.1 80.7 4.86 1.417 6.055
21.378 2.412 -9.23 -2.467 -15.96 -0.483 -5.381 305.939 -59.58 80.58 4.862 1.418 6.057
21.393 2.357 -9.268 -2.6 -14.093 -0.725 -4.977 305.46 -60.06 81.059 4.862 1.418 6.042
21.408 2.401 -9.225 -2.653 -12.487 -0.179 -4.677 305.34 -60.06 81.059 4.86 1.418 6.05
21.438 2.493 -9.186 -2.628 -10.269 0.461 -4.338 304.979 -60.06 81.299 4.86 1.419 6.052
21.453 2.495 -9.143 -2.715 -8.359 0.303 -3.776 304.439 -60.119 81.0 4.859 1.42 6.055
21.483 2.489 -9.158 -2.803 -6.302 0.612 -3.37 304.08 -60.719 81.12 4.859 1.421 6.067
21.498 2.628 -9.071 -2.695 -3.889 1.384 -3.08 304.14 -60.3 80.58 4.859 1.422 6.067
21.513 2.544 -9.071 -2.793 -1.211 0.726 -2.609 303.96 -60.6 80.4 4.858 1.423 6.06
21.528 2.553 -9.027 -2.728 1.364 1.217 -2.271 303.539 -60.899 80.46 4.857 1.424 6.061
21.558 2.604 -8.926 -2.591 4.044 1.549 -1.778 304.02 -61.019 80.58 4.856 1.425 6.055
21.573 2.498 -9.118 -2.775 8.037 0.631 -1.031 304.26 -60.539 80.819 4.854 1.426 6.058
21.588 2.509 -9.141 -2.766 10.472 1.022 -0.509 304.38 -60.899 80.579 4.853 1.427 6.079
21.618 2.541 -9.039 -2.59 12.719 1.55 -0.025 304.679 -60.959 80.52 4.855 1.427 6.095
21.633 2.486 -9.047 -2.526 15.51 1.44 0.561 304.62 -60.66 80.46 4.855 1.428 6.12
21.648 2.46 -9.156 -2.492 18.452 1.645 0.966 305.82 -60.419 80.82 4.854 1.428 6.14
21.678 2.473 -9.111 -2.353 20.399 2.058 1.39 306.12 -60.0 80.639 4.852 1.428 6.159
21.723 2.396 -9.119 -2.284 22.751 2.04 1.909 306.96 -60.239 81.479 4.849 1.428 6.181
21.738 2.414 -9.156 -2.144 25.929 2.358 2.358 307.56 -60.0 81.84 4.846 1.427 6.202
21.739 2.373 -9.201 -2.087 28.27 2.403 2.817 309.239 -60.12 81.6 4.841 1.427 6.223
21.753 2.334 -9.293 -2.025 30.003 2.898 3.122 310.2 -59.64 81.96 4.836 1.426 6.247
21.767 2.359 -9.255 -1.841 31.147 3.672 3.358 311.52 -60.12 82.08 4.832 1.426 6.265
21.798 2.344 -9.257 -1.698 33.309 3.975 3.645 312.719 -59.76 82.44 4.826 1.425 6.288
21.813 2.325 -9.298 -1.575 35.511 4.132 3.947 314.1 -59.94 83.22 4.82 1.425 6.313
21.828 2.305 -9.277 -1.405 37.261 4.477 4.21 315.9 -60.059 84.059 4.814 1.423 6.329
21.858 2.279 -9.259 -1.255 39.106 4.6 4.551 316.919 -60.359 83.64 4.807 1.423 6.348
21.873 2.273 -9.255 -1.085 41.364 4.748 4.859 318.9 -60.54 84.3 4.8 1.423 6.365
21.888 2.208 -9.381 -1.001 43.358 5.035 5.15 320.34 -60.54 84.059 4.792 1.423 6.383
21.918 2.198 -9.377 -0.857 44.053 5.767 5.351 322.14 -60.54 84.539 4.783 1.423 6.402
21.933 2.19 -9.346 -0.656 45.542 6.169 5.653 323.7 -60.059 85.62 4.775 1.423 6.426
21.948 2.152 -9.35 -0.486 47.461 6.421 6.041 325.38 -60.42 86.22 4.767 1.423 6.446
21.977 2.14 -9.293 -0.272 48.625 6.954 6.319 327.479 -60.36 86.52 4.76 1.425 6.46
21.993 2.1 -9.32 -0.072 50.516 7.26 6.758 329.279 -59.879 87.72 4.754 1.425 6.466
22.008 2.034 -9.338 0.06 52.225 7.329 7.177 331.08 -59.4 88.56 4.748 1.426 6.461
22.038 1.99 -9.363 0.205 53.367 7.882 7.557 333.12 -59.519 89.039 4.742 1.426 6.46
22.053 1.979 -9.302 0.461 54.397 8.693 7.883 335.46 -59.58 90.539 4.737 1.426 6.462
22.068 1.942 -9.266 0.652 55.906 8.996 8.222 337.68 -59.879 91.44 4.734 1.426 6.461
22.097 1.92 -9.221 0.878 57.653 9.265 8.509 339.66 -59.819 92.94 4.732 1.426 6.457
22.114 1.892 -9.146 1.146 59.264 9.378 8.799 341.82 -60.179 94.38 4.731 1.425 6.448
22.128 1.852 -9.088 1.369 60.886 9.542 9.052 343.74 -60.539 95.82 4.73 1.425 6.428
22.158 1.814 -9.041 1.63 62.628 9.78 9.345 346.14 -60.659 96.78 4.729 1.425 6.411
22.173 1.735 -9.091 1.81 64.53 9.911 9.753 348.36 -60.6 98.76 4.728 1.424 6.39
22.189 1.687 -9.022 2.018 65.822 10.17 10.013 351.12 -60.96 99.72 4.726 1.424 6.374
22.218 1.663 -8.999 2.293 67.691 10.798 10.261 353.58 -61.019 100.619 4.726 1.423 6.367
22.233 1.596 -8.986 2.512 69.047 10.982 10.427 355.439 -60.96 102.72 4.726 1.423 6.359
22.248 1.523 -8.947 2.771 70.49 11.254 10.627 358.2 -60.839 104.759 4.726 1.423 6.35
22.278 1.456 -8.937 3.029 71.403 11.505 10.865 361.38 -60.179 106.859 4.725 1.426 6.34
22.293 1.389 -8.797 3.305 71.487 11.99 11.061 363.54 -59.7 108.9 4.728 1.428 6.337
22.308 1.327 -8.783 3.559 72.849 12.648 11.252 366.0 -58.799 111.12 4.731 1.431 6.34
22.338 1.255 -8.704 3.801 73.691 13.063 11.49 368.1 -58.14 113.82 4.74 1.434 6.353
22.354 1.191 -8.644 4.062 74.348 13.314 11.614 370.14 -57.78 117.179 4.749 1.436 6.367
22.368 1.137 -8.43 4.385 74.419 13.567 11.433 372.539 -57.42 119.7 4.759 1.438 6.395
22.398 1.083 -8.299 4.716 75.739 13.948 11.425 374.7 -56.7 122.58 4.769 1.439 6.425
22.413 0.949 -8.143 4.972 76.955 13.8 11.593 376.38 -56.339 126.059 4.779 1.441 6.453
22.428 0.908 -8.076 5.216 79.058 14.047 11.506 378.6 -55.679 128.759 4.79 1.442 6.482
22.458 0.837 -8.066 5.45 79.716 14.265 11.347 380.52 -55.08 132.239 4.8 1.443 6.506
22.473 0.717 -7.72 5.797 78.977 14.222 11.216 381.42 -54.779 135.66 4.811 1.441 6.537
22.488 0.713 -7.699 6.112 80.537 14.722 11.169 383.64 -54.6 139.2 4.82 1.44 6.568
22.518 0.604 -7.588 6.236 79.28 13.993 11.256 385.08 -54.48 142.56 4.828 1.437 6.602
22.533 0.524 -7.371 6.549 78.735 14.116 11.185 386.94 -54.06 145.26 4.832 1.435 6.638
22.548 0.455 -7.331 6.729 79.329 14.252 11.141 388.38 -52.86 147.9 4.836 1.433 6.671
22.578 0.378 -7.282 6.824 79.487 13.889 11.205 389.1 -52.14 151.38 4.839 1.431 6.699
22.593 0.296 -7.184 7.051 78.708 13.925 11.02 390.06 -52.14 154.739 4.842 1.431 6.723
22.608 0.238 -7.105 7.216 76.716 13.865 10.625 391.14 -51.54 158.459 4.845 1.43 6.746
22.638 0.184 -6.711 7.549 74.033 14.184 10.392 391.739 -51.06 161.579 4.846 1.43 6.769
22.653 0.144 -6.498 7.753 73.285 13.961 10.208 391.8 -49.8 164.279 4.849 1.428 6.794
22.668 0.065 -6.49 7.83 72.928 13.565 10.058 392.34 -48.9 167.1 4.852 1.433 6.808
22.698 -0.03 -6.227 8.017 71.415 13.205 9.942 392.64 -48.12 170.16 4.858 1.444 6.818
22.713 -0.032 -5.962 8.341 71.176 13.508 9.605 393.059 -47.34 173.099 4.862 1.456 6.83
22.728 -0.117 -5.994 8.355 70.896 12.896 9.251 393.419 -46.74 175.739 4.866 1.468 6.835
22.76 -0.165 -5.739 8.583 69.161 12.645 8.934 393.539 -46.38 178.739 4.87 1.479 6.844
22.773 -0.232 -5.356 8.978 67.417 12.574 8.648 393.78 -46.02 181.98 4.874 1.49 6.849
22.788 -0.246 -5.241 9.128 65.854 12.208 8.322 393.96 -45.12 184.68 4.878 1.5 6.859
22.818 -0.295 -5.026 9.292 63.686 11.609 8.099 394.44 -44.28 186.96 4.883 1.509 6.873
22.833 -0.381 -5.012 9.364 62.052 10.983 7.974 394.92 -43.68 189.959 4.888 1.517 6.889
22.848 -0.424 -4.83 9.481 59.538 10.466 7.782 395.22 -43.019 192.3 4.892 1.526 6.906
22.878 -0.434 -4.818 9.549 57.738 10.306 7.322 395.219 -42.42 194.579 4.895 1.527 6.931
22.893 -0.508 -4.72 9.633 54.038 9.64 6.711 395.34 -42.179 196.98 4.897 1.521 6.957
22.908 -0.583 -4.64 9.692 50.463 9.182 6.214 394.739 -41.82 198.9 4.899 1.513 6.98
22.938 -0.593 -4.291 9.894 46.821 8.988 5.839 394.199 -41.16 201.239 4.901 1.505 7.003
22.953 -0.641 -4.231 9.946 44.333 8.525 5.196 394.199 -41.28 203.16 4.903 1.498 7.025
22.968 -0.644 -4.316 9.91 40.723 8.012 4.569 394.08 -40.68 204.72 4.906 1.489 7.05
22.997 -0.726 -3.853 10.074 36.187 7.128 4.087 393.659 -39.9 205.859 4.908 1.482 7.071
23.013 -0.685 -3.833 10.131 34.792 7.094 3.609 393.419 -39.78 207.42 4.91 1.474 7.091
23.028 -0.667 -3.836 10.177 31.918 6.306 3.083 393.179 -39.18 208.62 4.911 1.468 7.109
23.058 -0.723 -3.633 10.203 27.972 5.788 2.47 392.88 -39.36 210.24 4.913 1.461 7.127
23.073 -0.729 -3.435 10.329 25.343 5.895 2.135 392.4 -39.12 211.56 4.914 1.457 7.142
23.088 -0.781 -3.25 10.368 23.941 5.568 1.652 392.28 -38.76 212.16 4.915 1.454 7.157
23.118 -0.743 -3.342 10.398 23.241 5.768 0.974 392.58 -38.22 213.42 4.915 1.451 7.162
23.134 -0.757 -3.359 10.394 19.236 5.222 0.351 392.4 -38.16 213.84 4.913 1.448 7.167
23.148 -0.782 -3.091 10.443 15.04 4.784 -0.006 391.86 -37.26 214.38 4.915 1.445 7.17
23.178 -0.755 -3.037 10.47 13.484 4.702 -0.331 392.28 -36.72 214.68 4.916 1.443 7.172
23.193 -0.74 -3.241 10.323 11.164 4.402 -0.668 392.04 -37.199 215.879 4.918 1.441 7.178
23.208 -0.789 -3.164 10.295 7.48 3.987 -1.046 391.8 -36.599 216.119 4.92 1.439 7.176
23.237 -0.827 -3.093 10.224 5.225 3.781 -1.322 391.68 -36.839 216.119 4.922 1.438 7.171
23.254 -0.827 -3.175 10.159 3.88 3.522 -1.551 391.32 -36.959 216.48 4.924 1.436 7.168
23.268 -0.812 -3.189 10.12 1.647 2.975 -1.856 391.439 -37.2 216.479 4.925 1.435 7.161
23.297 -0.739 -3.277 10.002 -0.696 2.46 -1.986 391.68 -36.84 216.48 4.926 1.433 7.147
23.313 -0.786 -3.104 9.937 -3.235 1.638 -1.907 391.74 -37.14 216.06 4.927 1.432 7.142
23.328 -0.788 -3.161 9.866 -2.586 1.528 -1.886 391.8 -37.08 216.6 4.93 1.431 7.135
23.358 -0.735 -3.328 9.739 -2.157 1.351 -1.963 391.86 -37.26 216.54 4.929 1.431 7.128
23.373 -0.765 -3.258 9.663 -2.82 1.058 -2.042 391.32 -37.8 216.12 4.928 1.43 7.119
23.388 -0.749 -3.293 9.629 -2.053 1.145 -2.129 391.2 -37.2 215.519 4.926 1.429 7.108
23.418 -0.74 -3.341 9.604 -1.21 1.128 -2.103 391.14 -37.5 214.979 4.924 1.428 7.101