41.242 0.214 -9.678 -0.933 -0.612 -2.903 -1.898 244.32 -23.04 -4.079 3.174 1.528 5.251
41.257 0.298 -9.712 -0.965 -0.335 -2.952 -2.005 243.839 -23.16 -4.199 3.174 1.528 5.262
41.272 0.397 -9.707 -0.754 -0.147 -3.727 -2.177 243.479 -23.279 -4.32 3.174 1.528 5.258
41.302 0.459 -9.663 -0.505 0.019 -5.012 -2.291 244.079 -23.16 -4.68 3.173 1.528 5.248
41.317 0.399 -9.678 -0.339 0.147 -6.608 -2.353 244.5 -23.34 -4.979 3.172 1.528 5.25
41.332 0.258 -9.757 -0.284 0.077 -8.033 -2.593 244.2 -23.64 -5.16 3.172 1.527 5.264
41.362 0.14 -9.724 -0.406 -0.338 -9.577 -2.819 244.62 -23.22 -5.819 3.172 1.527 5.286
41.377 0.158 -9.733 -0.597 -0.063 -10.794 -3.117 244.44 -22.799 -6.6 3.172 1.528 5.299
41.392 0.288 -9.779 -0.658 0.164 -12.224 -3.517 244.38 -22.499 -7.139 3.173 1.528 5.298
41.422 0.371 -9.725 -0.637 0.115 -14.48 -3.615 244.38 -21.9 -7.859 3.172 1.528 5.287
41.437 0.425 -9.71 -0.503 0.148 -16.895 -3.435 244.379 -21.299 -8.82 3.172 1.529 5.283
41.452 0.316 -9.731 -0.45 0.209 -19.205 -3.364 244.14 -20.46 -9.54 3.172 1.53 5.281
41.482 0.172 -9.803 -0.543 0.173 -21.309 -2.978 244.619 -20.1 -10.5 3.173 1.531 5.295
41.497 0.095 -9.805 -0.637 -0.044 -23.621 -2.557 244.739 -19.619 -10.74 3.174 1.53 5.314
41.512 0.172 -9.844 -0.712 -0.067 -25.839 -2.781 244.98 -18.9 -11.22 3.175 1.531 5.332
41.542 0.271 -9.784 -0.7 -0.386 -28.529 -2.962 244.859 -17.94 -12.42 3.176 1.531 5.347
41.557 0.377 -9.789 -0.659 -0.381 -30.831 -2.955 245.16 -17.4 -13.08 3.177 1.532 5.362
41.572 0.342 -9.816 -0.636 -0.551 -33.308 -3.009 245.519 -16.56 -13.919 3.178 1.532 5.381
41.602 0.24 -9.825 -0.615 -0.673 -35.719 -2.832 245.279 -15.359 -15.0 3.179 1.532 5.413
41.618 0.166 -9.875 -0.656 -0.837 -37.828 -3.046 245.16 -14.64 -15.959 3.18 1.532 5.452
41.632 0.082 -9.866 -0.701 -1.171 -39.964 -3.838 244.919 -13.319 -17.04 3.182 1.532 5.484
41.662 0.135 -9.856 -0.68 -1.27 -41.999 -4.691 245.579 -12.54 -17.939 3.183 1.532 5.521
41.677 0.183 -9.782 -0.641 -1.445 -44.044 -5.707 245.7 -11.34 -18.779 3.185 1.53 5.555
41.692 0.188 -9.791 -0.614 -1.302 -45.466 -6.738 245.22 -10.14 -19.86 3.186 1.532 5.589
41.722 0.081 -9.772 -0.608 -1.254 -46.944 -7.252 244.8 -8.28 -21.72 3.187 1.533 5.621
41.738 -0.016 -9.8 -0.63 -1.0 -47.797 -7.612 244.8 -6.36 -22.919 3.188 1.532 5.653
41.752 -0.083 -9.827 -0.687 -0.893 -48.755 -8.121 244.14 -4.979 -23.82 3.19 1.531 5.682
41.782 -0.083 -9.784 -0.716 -0.903 -49.86 -8.661 243.779 -3.66 -24.9 3.191 1.532 5.707
41.797 -0.055 -9.76 -0.73 -0.743 -50.802 -9.206 243.9 -2.339 -26.22 3.192 1.534 5.73
41.812 -0.014 -9.726 -0.736 -0.477 -51.258 -9.39 243.42 -0.299 -27.419 3.193 1.534 5.756
41.842 -0.011 -9.741 -0.768 -0.048 -51.473 -9.31 243.48 1.08 -28.8 3.195 1.533 5.78
41.857 -0.129 -9.721 -0.776 0.122 -51.746 -9.002 242.82 2.7 -29.339 3.196 1.533 5.8
41.872 -0.135 -9.75 -0.779 0.445 -51.41 -8.86 242.279 4.439 -30.24 3.197 1.533 5.821
41.917 -0.131 -9.737 -0.789 0.545 -51.501 -8.863 242.94 6.06 -31.619 3.198 1.532 5.843
41.919 -0.094 -9.711 -0.788 0.696 -51.606 -8.681 242.82 7.14 -32.22 3.199 1.531 5.866
41.932 -0.024 -9.726 -0.782 0.877 -51.577 -8.611 243.0 8.28 -32.88 3.2 1.531 5.886
41.962 -0.003 -9.683 -0.763 0.903 -51.754 -8.649 243.48 9.6 -33.48 3.201 1.531 5.904
41.978 -0.001 -9.734 -0.796 1.223 -51.524 -8.503 243.48 11.16 -34.56 3.202 1.53 5.924
41.992 -0.018 -9.775 -0.81 1.304 -50.99 -8.37 243.42 13.38 -35.1 3.203 1.528 5.944
42.022 -0.057 -9.769 -0.786 1.337 -50.98 -8.353 244.08 14.639 -35.52 3.203 1.529 5.961
42.038 -0.077 -9.74 -0.746 1.232 -51.117 -8.27 243.78 15.9 -35.94 3.205 1.528 5.976
42.052 0.001 -9.776 -0.718 1.381 -50.733 -8.244 244.02 17.7 -37.26 3.205 1.53 5.992
42.082 0.01 -9.767 -0.709 1.251 -50.675 -8.222 244.2 19.44 -38.279 3.206 1.531 6.009
42.098 -0.008 -9.75 -0.736 1.077 -50.57 -8.135 243.66 20.339 -38.819 3.207 1.533 6.021
42.112 0.032 -9.764 -0.766 1.033 -50.136 -8.232 243.779 22.139 -39.3 3.207 1.534 6.038
42.142 0.004 -9.735 -0.779 1.094 -50.162 -8.383 243.84 23.88 -39.959 3.208 1.536 6.057
42.158 -0.029 -9.736 -0.723 1.098 -49.929 -8.269 243.899 25.74 -41.22 3.208 1.537 6.077
42.172 -0.045 -9.718 -0.592 1.052 -49.634 -8.171 244.14 27.059 -41.7 3.208 1.54 6.098
42.202 -0.067 -9.666 -0.52 1.074 -49.686 -8.142 243.959 28.08 -42.6 3.208 1.541 6.121
42.218 -0.031 -9.737 -0.55 1.045 -49.289 -8.174 243.72 29.76 -43.92 3.209 1.541 6.147
42.232 -0.009 -9.754 -0.594 0.691 -49.159 -8.267 243.72 31.8 -44.28 3.209 1.544 6.17
42.262 -0.017 -9.69 -0.609 0.456 -49.432 -8.406 244.14 32.82 -44.34 3.209 1.543 6.196
42.277 0.01 -9.682 -0.594 0.588 -49.344 -8.452 244.26 33.66 -44.46 3.209 1.542 6.228
42.309 0.04 -9.741 -0.551 0.814 -49.233 -8.357 243.959 35.4 -44.52 3.21 1.541 6.266
42.322 -0.062 -9.701 -0.468 0.758 -49.461 -8.041 243.84 36.6 -44.76 3.21 1.54 6.304
42.337 -0.047 -9.739 -0.415 1.026 -48.986 -7.906 244.02 37.86 -45.059 3.211 1.538 6.341
42.352 -0.047 -9.751 -0.439 1.067 -49.18 -8.06 244.08 39.48 -44.76 3.212 1.536 6.379
42.382 -0.042 -9.743 -0.483 0.954 -49.71 -8.138 243.839 40.8 -44.64 3.213 1.533 6.417
42.397 0.003 -9.742 -0.487 0.889 -49.997 -8.203 244.08 41.519 -44.76 3.214 1.531 6.459
42.427 0.011 -9.676 -0.436 0.982 -50.429 -8.103 244.199 42.48 -44.04 3.215 1.529 6.503
42.457 0.022 -9.729 -0.385 1.483 -50.786 -7.883 244.379 43.379 -43.86 3.217 1.526 6.553
42.458 -0.045 -9.718 -0.309 1.441 -51.54 -7.628 243.839 45.36 -44.16 3.218 1.523 6.596
42.472 -0.044 -9.77 -0.3 1.683 -52.172 -7.537 243.959 46.44 -43.559 3.219 1.523 6.632
42.502 -0.073 -9.754 -0.33 1.661 -53.122 -7.77 244.2 48.12 -42.96 3.22 1.522 6.667
42.517 -0.015 -9.773 -0.37 1.651 -54.082 -8.08 244.619 50.1 -42.66 3.22 1.52 6.702
42.532 -0.002 -9.748 -0.35 1.351 -55.472 -8.205 244.439 51.36 -42.0 3.221 1.519 6.734
42.562 0.016 -9.735 -0.273 1.422 -56.463 -8.142 244.68 52.44 -41.4 3.222 1.518 6.766
42.577 0.032 -9.736 -0.205 1.558 -57.09 -8.098 245.46 53.94 -40.98 3.222 1.516 6.792
42.592 -0.005 -9.739 -0.214 1.522 -58.029 -8.071 246.0 55.92 -39.6 3.222 1.515 6.811
42.622 -0.049 -9.795 -0.28 1.746 -59.08 -8.303 246.119 58.08 -38.88 3.222 1.514 6.831
42.637 -0.069 -9.736 -0.265 1.753 -60.0 -8.524 247.019 59.58 -38.34 3.222 1.513 6.857
42.652 0.031 -9.812 -0.258 2.076 -60.491 -8.675 248.04 60.719 -37.32 3.222 1.513 6.893
42.682 -0.014 -9.755 -0.206 1.78 -61.678 -8.739 248.28 62.88 -36.84 3.222 1.511 6.928
42.697 0.021 -9.75 -0.148 1.85 -62.187 -8.596 248.94 64.5 -36.42 3.222 1.509 6.961
42.712 0.016 -9.761 -0.141 2.026 -62.837 -8.549 249.239 65.399 -35.76 3.221 1.509 6.99
42.742 -0.058 -9.754 -0.164 2.15 -63.67 -8.457 249.359 67.199 -35.28 3.221 1.509 7.023
42.758 -0.055 -9.815 -0.211 2.296 -64.036 -8.48 248.939 68.82 -34.739 3.22 1.509 7.054
42.772 -0.049 -9.781 -0.223 2.293 -64.861 -8.635 248.64 70.32 -33.96 3.22 1.509 7.094
42.802 -0.023 -9.794 -0.169 2.53 -65.561 -8.823 248.28 71.999 -33.36 3.22 1.51 7.141
42.817 -0.045 -9.762 -0.103 2.309 -66.047 -8.778 248.88 73.56 -32.4 3.22 1.511 7.185
42.832 -0.061 -9.788 -0.149 2.243 -66.316 -8.79 248.82 74.82 -31.139 3.22 1.512 7.216
42.862 -0.119 -9.761 -0.216 2.138 -66.702 -8.859 249.12 75.84 -30.0 3.22 1.512 7.24
42.877 -0.133 -9.763 -0.213 2.151 -66.586 -8.786 249.84 77.28 -28.8 3.22 1.512 7.273
42.892 -0.117 -9.766 -0.217 2.163 -66.23 -8.798 250.139 78.42 -27.06 3.221 1.512 7.307
42.922 -0.072 -9.762 -0.218 2.069 -65.964 -8.727 250.139 79.5 -25.619 3.221 1.512 7.344
42.937 -0.03 -9.775 -0.218 1.868 -65.416 -8.61 250.679 80.64 -23.879 3.222 1.511 7.376
42.952 -0.042 -9.738 -0.254 1.8 -64.8 -8.367 251.519 81.72 -22.199 3.222 1.511 7.401
42.982 -0.095 -9.762 -0.315 1.77 -63.955 -8.235 252.059 82.979 -20.46 3.223 1.511 7.419
42.997 -0.104 -9.806 -0.391 1.622 -63.156 -8.167 252.179 83.699 -19.14 3.222 1.51 7.423
43.012 -0.074 -9.77 -0.378 1.277 -62.261 -8.143 251.999 84.119 -17.16 3.222 1.51 7.422
43.042 -0.036 -9.775 -0.354 1.064 -60.851 -8.081 252.06 85.499 -16.02 3.222 1.509 7.416
43.058 -0.035 -9.714 -0.41 0.732 -59.117 -7.878 251.879 86.519 -15.0 3.221 1.509 7.417
43.072 -0.048 -9.739 -0.52 0.658 -57.287 -7.814 251.76 86.999 -13.68 3.221 1.51 7.414
43.102 -0.085 -9.697 -0.516 0.553 -55.959 -7.693 251.579 87.059 -12.54 3.22 1.51 7.41
43.117 -0.073 -9.725 -0.476 0.548 -54.189 -7.744 252.3 87.779 -11.219 3.219 1.51 7.403
43.132 -0.012 -9.74 -0.508 0.518 -52.266 -7.863 252.48 88.079 -10.2 3.218 1.509 7.401
43.162 0.006 -9.721 -0.536 0.187 -50.596 -7.87 252.9 88.739 -9.3 3.218 1.509 7.408
43.178 0.035 -9.727 -0.553 0.035 -48.665 -7.695 253.68 89.879 -8.639 3.218 1.509 7.414
43.192 0.022 -9.68 -0.561 -0.063 -46.532 -7.419 254.64 90.239 -7.439 3.217 1.51 7.427
43.222 0.058 -9.746 -0.612 0.302 -44.437 -7.184 255.239 90.72 -7.079 3.217 1.508 7.444
43.237 0.047 -9.702 -0.582 0.054 -42.802 -6.893 255.479 91.08 -5.4 3.218 1.509 7.472
43.252 0.103 -9.764 -0.55 0.236 -41.072 -6.792 255.779 91.62 -4.38 3.218 1.509 7.492
43.282 0.167 -9.756 -0.564 0.299 -39.586 -6.667 256.38 92.1 -3.179 3.218 1.51 7.512
43.297 0.189 -9.783 -0.615 0.267 -37.819 -6.422 256.62 93.3 -2.579 3.219 1.51 7.533
43.312 0.143 -9.754 -0.642 0.296 -35.902 -6.048 256.739 93.78 -1.379 3.219 1.512 7.555
43.342 0.094 -9.731 -0.619 0.422 -33.854 -5.641 256.919 94.68 -0.72 3.22 1.514 7.574
43.357 0.109 -9.758 -0.6 0.496 -31.58 -5.413 256.799 94.8 0.24 3.22 1.515 7.591
43.372 0.165 -9.766 -0.618 0.523 -29.454 -5.106 256.319 94.2 1.2 3.221 1.518 7.611
43.402 0.21 -9.735 -0.607 0.45 -27.28 -4.824 256.14 94.74 1.739 3.221 1.519 7.627
43.417 0.251 -9.748 -0.648 0.414 -24.796 -4.621 256.32 95.039 3.0 3.221 1.522 7.644
43.432 0.264 -9.733 -0.683 0.603 -22.489 -4.42 256.8 95.16 3.119 3.221 1.524 7.66
43.462 0.237 -9.725 -0.655 0.738 -20.006 -4.141 257.219 95.7 3.899 3.221 1.525 7.676
43.477 0.221 -9.738 -0.622 0.829 -17.298 -3.804 257.76 95.64 4.079 3.222 1.524 7.69
43.492 0.227 -9.734 -0.655 0.736 -14.524 -3.593 258.3 96.3 4.739 3.222 1.526 7.704
43.522 0.257 -9.745 -0.709 0.545 -11.681 -3.374 258.48 96.84 4.68 3.222 1.53 7.717
43.537 0.29 -9.724 -0.727 0.341 -8.819 -3.088 259.02 97.26 5.579 3.221 1.538 7.727
43.552 0.303 -9.706 -0.724 0.378 -5.806 -2.733 259.38 97.5 5.34 3.221 1.547 7.735
43.582 0.277 -9.701 -0.721 0.232 -2.525 -2.418 260.219 98.34 5.1 3.22 1.556 7.744
43.598 0.24 -9.714 -0.753 0.106 0.855 -2.077 260.34 98.82 5.7 3.219 1.562 7.754
43.612 0.205 -9.687 -0.735 -0.025 4.214 -1.702 260.58 98.699 5.46 3.219 1.566 7.763
43.643 0.221 -9.721 -0.767 -0.068 7.935 -1.353 260.519 98.999 4.92 3.219 1.57 7.769
43.658 0.246 -9.717 -0.812 -0.363 11.6 -0.996 260.459 98.7 4.979 3.219 1.572 7.769
43.673 0.246 -9.694 -0.828 -0.656 15.223 -0.675 259.679 98.76 4.56 3.218 1.575 7.767
43.702 0.226 -9.692 -0.825 -0.669 18.854 -0.425 259.499 97.74 4.26 3.218 1.575 7.763
43.717 0.191 -9.688 -0.824 -0.654 22.367 -0.256 259.379 97.38 4.14 3.218 1.573 7.757
43.733 0.159 -9.685 -0.835 -0.651 25.792 -0.022 259.14 96.539 3.42 3.218 1.57 7.749
43.762 0.14 -9.701 -0.835 -0.699 29.07 0.173 259.079 96.24 3.6 3.218 1.564 7.739
43.778 0.156 -9.705 -0.816 -0.713 32.441 0.358 258.0 95.76 3.6 3.218 1.556 7.727
43.794 0.159 -9.691 -0.798 -0.803 35.689 0.627 258.0 94.92 2.4 3.218 1.55 7.711
43.822 0.138 -9.697 -0.799 -0.957 38.846 1.008 257.34 94.74 1.38 3.218 1.545 7.696
43.837 0.122 -9.705 -0.769 -1.051 41.851 1.387 256.979 93.78 1.14 3.218 1.543 7.681
43.852 0.077 -9.688 -0.688 -1.051 44.667 1.664 256.739 93.54 -0.18 3.218 1.54 7.668
43.882 0.071 -9.69 -0.654 -1.035 47.506 1.946 256.5 93.18 -1.14 3.218 1.539 7.654
43.897 0.065 -9.722 -0.632 -1.2 50.235 2.378 255.959 92.88 -2.52 3.218 1.538 7.638
43.912 0.059 -9.709 -0.574 -1.461 52.99 2.876 255.359 92.4 -3.959 3.218 1.537 7.62
43.942 0.07 -9.741 -0.558 -1.412 55.706 3.236 255.06 91.5 -5.34 3.218 1.533 7.604
43.957 0.038 -9.733 -0.517 -1.509 58.123 3.65 254.519 91.08 -6.959 3.218 1.53 7.583
43.972 -0.03 -9.699 -0.451 -1.508 60.251 4.049 254.459 90.419 -8.459 3.218 1.529 7.563
44.002 -0.026 -9.742 -0.43 -1.125 62.387 4.204 254.339 89.58 -9.899 3.218 1.529 7.534
44.017 -0.039 -9.716 -0.388 -0.958 64.164 4.231 254.339 88.859 -11.579 3.218 1.528 7.493
44.032 -0.05 -9.728 -0.37 -0.693 65.874 4.227 254.459 88.139 -13.379 3.218 1.527 7.454
44.062 -0.045 -9.736 -0.357 -0.638 67.377 4.433 253.98 87.059 -14.819 3.219 1.526 7.414
44.078 -0.065 -9.716 -0.304 -0.632 68.803 4.693 253.56 86.4 -16.079 3.219 1.526 7.376
44.092 -0.076 -9.702 -0.286 -0.32 70.175 4.812 253.379 85.259 -17.82 3.219 1.529 7.342
44.122 -0.086 -9.723 -0.288 0.048 71.154 4.912 252.9 84.179 -19.5 3.219 1.529 7.309
44.137 -0.095 -9.723 -0.25 0.168 71.964 5.036 252.06 83.34 -20.94 3.219 1.529 7.276
44.152 -0.086 -9.698 -0.207 0.283 72.697 5.072 251.579 81.899 -22.38 3.22 1.528 7.25
44.182 -0.065 -9.706 -0.174 0.391 73.338 5.038 250.979 80.58 -23.939 3.22 1.528 7.224
44.198 -0.085 -9.715 -0.164 0.368 73.777 5.095 250.5 79.38 -25.619 3.22 1.527 7.212
44.228 -0.117 -9.708 -0.142 0.422 73.98 5.232 250.199 77.52 -26.639 3.221 1.526 7.213
44.242 -0.136 -9.717 -0.102 0.68 74.18 5.281 249.6 76.079 -28.32 3.221 1.525 7.214
44.257 -0.12 -9.749 -0.093 1.028 74.495 5.285 249.359 74.4 -29.52 3.222 1.524 7.213
44.272 -0.112 -9.775 -0.06 1.306 74.416 5.457 249.3 72.66 -31.02 3.222 1.523 7.211
44.303 -0.11 -9.761 -0.015 1.365 74.125 5.564 249.48 70.56 -31.799 3.223 1.519 7.207
44.318 -0.118 -9.742 0.003 1.415 73.723 5.48 249.66 68.82 -33.179 3.224 1.517 7.206
44.332 -0.137 -9.724 0.059 1.549 73.283 5.361 250.139 67.02 -34.14 3.225 1.515 7.207
44.362 -0.099 -9.763 0.064 1.848 72.901 5.159 250.44 65.52 -35.519 3.225 1.514 7.207
44.377 -0.096 -9.773 0.043 1.89 72.148 5.041 250.56 63.48 -36.239 3.226 1.513 7.205
44.392 -0.121 -9.757 0.099 1.845 71.332 5.033 250.739 61.859 -37.26 3.226 1.512 7.205
44.422 -0.074 -9.8 0.121 1.925 70.778 4.925 251.039 61.08 -38.4 3.227 1.511 7.202
44.437 -0.083 -9.773 0.126 1.625 69.698 4.796 251.16 59.4 -38.76 3.228 1.511 7.201
44.452 -0.101 -9.76 0.176 1.473 68.575 4.58 251.4 57.96 -39.36 3.228 1.512 7.207
44.482 -0.069 -9.788 0.142 1.47 67.609 4.107 251.64 56.52 -39.6 3.229 1.512 7.215
44.497 -0.076 -9.776 0.152 1.159 66.487 3.803 251.1 56.22 -40.14 3.229 1.513 7.225
44.512 -0.075 -9.761 0.183 1.027 65.609 3.777 250.68 54.6 -40.08 3.229 1.514 7.236
44.542 -0.056 -9.8 0.125 1.123 64.594 3.635 250.38 53.58 -40.739 3.23 1.515 7.248
44.557 -0.07 -9.781 0.121 0.984 63.356 3.57 250.08 52.08 -41.16 3.23 1.516 7.263
44.572 -0.055 -9.782 0.158 0.972 62.329 3.448 250.32 50.76 -41.519 3.229 1.52 7.279
44.602 -0.02 -9.782 0.165 0.899 61.418 3.273 249.9 49.379 -41.46 3.228 1.525 7.293
44.617 -0.064 -9.762 0.138 0.761 60.478 3.177 249.599 47.279 -41.76 3.228 1.528 7.306
44.647 -0.068 -9.762 0.127 0.864 59.772 3.251 249.419 46.019 -42.179 3.226 1.53 7.317
44.662 -0.05 -9.768 0.1 0.9 58.768 3.261 249.239 44.4 -42.12 3.226 1.531 7.323
44.692 -0.071 -9.718 0.111 0.734 57.448 3.151 249.24 42.48 -42.239 3.225 1.532 7.329
44.693 -0.034 -9.723 0.125 0.913 56.409 2.911 249.42 40.14 -42.42 3.224 1.532 7.334
44.722 -0.003 -9.765 0.101 0.962 55.312 2.641 249.899 38.82 -42.779 3.224 1.531 7.338
44.737 0.002 -9.745 0.136 0.619 54.249 2.532 249.72 36.6 -42.599 3.224 1.532 7.339
44.752 0.003 -9.752 0.131 0.462 53.125 2.366 249.96 35.4 -41.879 3.224 1.53 7.339
44.782 -0.013 -9.769 0.109 0.336 51.874 2.184 250.26 33.66 -41.459 3.224 1.526 7.339
44.798 -0.039 -9.768 0.075 0.198 50.57 1.942 250.439 31.92 -41.16 3.225 1.522 7.341
44.812 -0.023 -9.779 0.056 0.135 49.298 1.648 250.379 30.66 -40.5 3.226 1.519 7.345
44.842 0.0 -9.754 0.045 -0.069 48.046 1.306 250.44 29.4 -40.08 3.226 1.516 7.349
44.872 0.034 -9.741 0.057 -0.145 47.107 1.059 250.32 28.2 -40.32 3.226 1.514 7.353
44.873 0.056 -9.767 0.072 -0.221 46.322 0.989 250.019 27.3 -39.9 3.227 1.512 7.356
44.902 0.008 -9.755 0.034 -0.496 45.503 1.155 250.2 26.04 -39.599 3.227 1.509 7.358
44.917 -0.033 -9.747 -0.003 -0.543 44.906 1.182 250.139 24.78 -39.42 3.227 1.508 7.358
44.932 -0.049 -9.781 -0.056 -0.354 44.288 1.071 250.74 24.3 -38.819 3.226 1.507 7.358
44.962 -0.078 -9.761 -0.039 -0.447 43.781 1.032 250.2 23.04 -38.879 3.226 1.506 7.359
44.978 -0.065 -9.733 -0.006 -0.525 43.611 1.114 249.359 21.6 -38.759 3.226 1.506 7.362
44.992 -0.026 -9.756 0.007 -0.419 43.432 1.244 248.999 20.64 -38.16 3.225 1.506 7.362
45.022 -0.008 -9.741 0.005 -0.396 43.112 1.395 248.939 19.02 -37.86 3.225 1.506 7.363
45.037 0.005 -9.764 -0.008 -0.338 42.789 1.387 248.279 17.639 -37.559 3.224 1.509 7.366
45.052 -0.014 -9.76 -0.059 -0.426 42.251 1.208 248.579 16.62 -37.38 3.224 1.514 7.371
45.082 -0.008 -9.755 -0.105 -0.403 41.761 1.014 248.82 15.3 -37.5 3.223 1.517 7.377
45.098 0.02 -9.764 -0.08 -0.293 41.08 0.728 248.34 13.5 -37.019 3.223 1.52 7.385
45.112 0.071 -9.775 -0.018 -0.279 40.264 0.554 248.099 12.179 -35.82 3.223 1.522 7.393
45.142 0.048 -9.742 0.02 -0.5 39.266 0.49 247.739 11.22 -35.22 3.223 1.523 7.402
45.157 0.057 -9.753 -0.015 -0.468 38.363 0.419 248.28 9.72 -34.319 3.222 1.524 7.411
45.172 0.054 -9.759 -0.063 -0.406 37.238 0.164 248.64 9.0 -33.839 3.222 1.524 7.414
45.202 0.071 -9.743 -0.067 -0.354 36.084 -0.081 249.12 7.8 -33.48 3.222 1.526 7.418
45.218 0.102 -9.747 -0.042 -0.191 34.912 -0.231 249.06 6.899 -32.58 3.222 1.529 7.419
45.232 0.103 -9.76 -0.022 -0.089 33.801 -0.17 249.54 5.819 -31.5 3.221 1.529 7.419
45.277 0.092 -9.774 -0.003 -0.019 32.868 0.047 249.24 4.319 -29.999 3.221 1.528 7.411
45.278 0.045 -9.769 0.013 -0.04 31.926 0.23 249.3 3.059 -28.86 3.22 1.527 7.401
45.292 0.042 -9.792 0.0 0.126 31.117 0.279 249.06 2.94 -28.02 3.22 1.526 7.393
45.322 0.036 -9.785 -0.041 0.132 30.156 0.196 249.359 2.159 -27.72 3.219 1.525 7.386
45.338 0.08 -9.775 -0.032 0.108 29.443 0.203 249.48 1.32 -27.24 3.218 1.526 7.381
45.352 0.11 -9.78 0.005 0.203 28.635 0.229 249.42 0.66 -26.459 3.218 1.526 7.374
45.382 0.142 -9.803 0.014 0.326 27.869 0.303 249.359 -0.119 -26.04 3.217 1.526 7.373
45.398 0.119 -9.797 -0.006 0.209 27.017 0.358 249.119 -1.2 -25.56 3.217 1.526 7.372
45.413 0.09 -9.791 -0.006 -0.013 26.218 0.342 249.959 -1.44 -25.32 3.216 1.523 7.374
45.442 0.103 -9.778 -0.009 -0.103 25.425 0.251 249.959 -1.92 -24.96 3.216 1.52 7.375
45.457 0.117 -9.784 -0.016 -0.083 24.423 0.03 250.5 -1.98 -24.9 3.216 1.518 7.384
45.472 0.143 -9.787 -0.008 0.025 23.464 -0.187 250.32 -2.28 -24.84 3.216 1.517 7.39
45.502 0.144 -9.79 -0.015 0.007 22.55 -0.338 250.92 -2.76 -24.24 3.216 1.518 7.39
45.517 0.143 -9.78 -0.011 -0.052 21.7 -0.419 250.98 -3.42 -23.819 3.216 1.518 7.39
45.532 0.13 -9.789 -0.025 0.041 20.761 -0.577 250.559 -4.44 -23.04 3.215 1.517 7.388
45.562 0.12 -9.785 -0.056 0.101 19.901 -0.709 250.379 -5.339 -23.1 3.215 1.517 7.385
45.577 0.118 -9.785 -0.089 0.157 19.014 -0.792 250.32 -6.479 -22.08 3.214 1.518 7.381
45.592 0.128 -9.781 -0.093 0.208 18.093 -0.894 249.96 -6.24 -21.48 3.214 1.521 7.378
45.637 0.158 -9.795 -0.092 0.329 17.303 -1.016 248.76 -7.2 -20.76 3.213 1.529 7.374
45.639 0.15 -9.796 -0.085 0.229 16.513 -1.115 248.4 -7.8 -20.4 3.212 1.535 7.369
45.652 0.139 -9.777 -0.102 0.043 15.803 -1.079 247.739 -9.3 -19.74 3.212 1.539 7.363
45.682 0.112 -9.783 -0.168 -0.052 15.144 -1.032 247.199 -10.319 -18.84 3.211 1.54 7.359
45.698 0.094 -9.757 -0.254 -0.168 14.564 -1.002 247.26 -10.86 -18.66 3.211 1.539 7.357
45.712 0.079 -9.765 -0.327 -0.146 14.128 -0.983 246.9 -11.7 -17.939 3.211 1.54 7.358
45.742 0.116 -9.772 -0.369 -0.208 13.783 -0.934 247.079 -11.879 -18.0 3.21 1.539 7.357
45.757 0.108 -9.736 -0.384 -0.389 13.475 -0.847 247.139 -11.94 -17.22 3.21 1.539 7.352
45.802 0.083 -9.767 -0.415 -0.365 13.344 -0.81 247.02 -11.7 -17.46 3.21 1.538 7.34
45.803 0.063 -9.763 -0.48 -0.421 13.341 -0.816 247.26 -12.78 -17.22 3.21 1.534 7.317
45.818 0.036 -9.803 -0.557 -0.419 13.409 -0.881 247.619 -12.9 -17.22 3.21 1.526 7.288
45.802 0.083 -9.767 -0.415 -0.365 13.344 -0.81 247.02 -11.7 -17.46 3.21 1.538 7.34
45.803 0.063 -9.763 -0.48 -0.421 13.341 -0.816 247.26 -12.78 -17.22 3.21 1.534 7.317
45.818 0.036 -9.803 -0.557 -0.419 13.409 -0.881 247.619 -12.9 -17.22 3.21 1.526 7.288