21.82 2.612 -6.96 -6.005 -3.764 1.452 -0.431 216.06 47.58 -86.46 4.087 1.549 5.017
21.835 2.65 -6.95 -5.971 -3.149 1.642 -0.255 217.14 47.7 -85.74 4.086 1.548 4.994
21.85 2.693 -7.112 -5.981 -2.78 1.822 -0.145 218.28 47.88 -84.48 4.083 1.547 4.955
21.88 2.659 -7.102 -5.97 -4.573 1.617 0.338 219.6 47.76 -82.679 4.08 1.547 4.923
21.894 2.664 -7.11 -5.95 -6.148 1.45 0.734 220.98 47.94 -81.18 4.08 1.547 4.904
21.91 2.743 -7.182 -5.937 -8.069 1.396 1.129 221.58 48.419 -79.26 4.081 1.547 4.911
21.94 2.703 -7.049 -5.939 -11.13 0.893 1.771 222.24 48.359 -77.04 4.083 1.548 4.949
21.969 2.77 -7.037 -5.983 -12.725 0.917 2.247 223.5 47.939 -75.06 4.086 1.55 4.986
21.971 2.651 -7.027 -6.073 -14.683 0.817 2.608 224.7 47.939 -73.139 4.088 1.551 5.028
22.001 2.664 -6.892 -6.091 -17.215 0.814 3.227 225.84 47.879 -72.119 4.094 1.553 5.085
22.015 2.688 -6.739 -6.138 -18.27 0.821 3.513 226.139 46.86 -70.02 4.095 1.554 5.131
22.031 2.614 -6.723 -6.264 -18.81 1.089 3.947 226.92 46.799 -67.56 4.099 1.555 5.176
22.061 2.598 -6.658 -6.356 -20.508 1.412 4.481 227.04 46.679 -64.919 4.106 1.556 5.232
22.075 2.477 -6.463 -6.433 -22.0 1.59 4.789 227.519 46.08 -62.4 4.113 1.557 5.271
22.09 2.527 -6.426 -6.533 -22.319 2.48 5.237 227.64 44.999 -60.24 4.12 1.558 5.315
22.12 2.568 -6.225 -6.616 -23.49 2.9 5.56 228.179 43.86 -58.5 4.134 1.56 5.334
22.135 2.391 -6.158 -6.743 -23.716 3.511 5.748 229.14 42.3 -57.179 4.153 1.561 5.346
22.15 2.366 -6.033 -6.842 -24.336 4.673 6.228 229.259 41.219 -55.379 4.177 1.564 5.353
22.18 2.381 -5.891 -6.895 -24.826 5.625 6.803 229.559 39.719 -53.4 4.206 1.566 5.341
22.195 2.397 -5.834 -6.982 -24.664 6.577 7.181 229.92 38.279 -50.64 4.238 1.569 5.318
22.21 2.235 -5.8 -7.13 -25.474 7.377 7.795 230.039 37.559 -49.319 4.272 1.573 5.314
22.24 2.297 -5.643 -7.177 -26.75 8.629 8.528 230.579 35.94 -47.819 4.314 1.577 5.31
22.256 2.341 -5.535 -7.249 -26.924 9.633 9.137 231.359 34.559 -46.559 4.365 1.582 5.298
22.273 2.391 -5.469 -7.314 -26.846 10.914 9.849 231.78 32.339 -45.179 4.426 1.588 5.289
22.3 2.409 -5.365 -7.398 -27.389 11.89 10.612 232.5 30.78 -44.58 4.489 1.594 5.274
22.314 2.243 -5.337 -7.478 -27.608 13.021 11.605 232.259 28.979 -43.26 4.535 1.6 5.272
22.33 2.413 -5.24 -7.514 -27.916 14.274 12.583 231.6 27.72 -42.12 4.603 1.607 5.28
22.36 2.423 -5.21 -7.534 -27.802 15.081 13.269 230.88 25.8 -41.64 4.664 1.614 5.282
22.375 2.463 -5.131 -7.593 -28.091 15.841 14.225 229.98 23.7 -40.499 4.712 1.623 5.283
22.39 2.422 -5.077 -7.644 -28.038 16.619 15.532 229.859 21.66 -40.14 4.757 1.632 5.278
22.42 2.574 -4.999 -7.653 -27.516 17.264 16.793 229.62 19.859 -39.3 4.808 1.64 5.262
22.435 2.567 -4.983 -7.654 -26.417 17.453 17.929 228.78 17.939 -38.58 4.856 1.648 5.252
22.45 2.505 -4.969 -7.687 -25.555 17.652 19.169 227.52 15.84 -37.92 4.895 1.656 5.25
22.48 2.543 -4.981 -7.704 -24.818 17.732 20.054 225.959 14.4 -37.92 4.93 1.663 5.268
22.495 2.498 -4.967 -7.679 -23.699 17.483 20.925 225.18 13.02 -36.66 4.966 1.669 5.295
22.51 2.563 -4.986 -7.686 -22.304 17.061 21.718 224.16 11.4 -35.76 5.016 1.675 5.311
22.54 2.534 -5.008 -7.693 -21.388 16.174 22.68 223.8 9.84 -35.4 5.035 1.679 5.305
22.555 2.511 -4.991 -7.735 -20.706 14.855 23.561 223.56 9.36 -34.8 5.062 1.683 5.308
22.57 2.552 -4.991 -7.725 -19.235 13.822 23.627 222.72 8.639 -34.8 5.096 1.684 5.341
22.6 2.561 -4.944 -7.748 -18.099 12.341 22.891 222.119 7.56 -34.2 5.123 1.685 5.404
22.615 2.552 -4.899 -7.766 -16.987 10.939 22.021 221.22 6.539 -34.019 5.14 1.686 5.453
22.63 2.533 -4.858 -7.821 -16.036 9.191 20.551 221.039 5.88 -33.72 5.149 1.686 5.493
22.66 2.554 -4.785 -7.83 -14.626 7.648 18.513 220.8 5.279 -33.12 5.152 1.686 5.538
22.675 2.575 -4.723 -7.858 -12.803 5.967 16.164 221.1 5.34 -32.34 5.149 1.686 5.581
22.69 2.586 -4.664 -7.899 -10.741 4.17 13.161 220.26 5.22 -31.979 5.14 1.684 5.61
22.72 2.568 -4.645 -7.939 -8.358 2.309 9.852 220.38 5.219 -31.74 5.126 1.684 5.63
22.735 2.563 -4.594 -7.94 -5.924 0.516 6.092 220.02 4.619 -31.139 5.116 1.682 5.661
22.75 2.549 -4.564 -7.95 -3.142 -1.197 2.006 219.6 4.08 -30.72 5.1 1.681 5.683
22.78 2.531 -4.569 -7.95 -0.466 -2.875 -1.705 220.2 3.6 -30.72 5.085 1.68 5.687
22.795 2.51 -4.622 -7.963 2.053 -4.519 -4.934 220.2 4.32 -30.72 5.072 1.678 5.676
22.81 2.462 -4.682 -7.96 4.466 -5.887 -8.352 220.26 4.74 -30.419 5.061 1.677 5.665
22.84 2.432 -4.73 -7.945 6.654 -6.823 -11.341 220.08 5.28 -30.359 5.054 1.676 5.637
22.855 2.434 -4.778 -7.908 8.493 -7.637 -13.913 220.32 5.76 -31.079 5.045 1.675 5.6
22.87 2.41 -4.818 -7.863 10.27 -8.632 -15.977 220.32 5.76 -31.68 5.038 1.674 5.556
22.9 2.38 -4.883 -7.808 11.856 -9.892 -17.187 220.859 5.819 -32.34 5.029 1.674 5.515
22.915 2.334 -4.954 -7.815 13.028 -11.067 -17.835 220.62 6.06 -33.18 5.015 1.672 5.491
22.93 2.284 -5.074 -7.809 13.909 -11.21 -18.309 221.1 7.499 -34.019 4.998 1.671 5.486
22.959 2.315 -5.121 -7.748 13.959 -10.97 -18.632 221.88 8.639 -34.92 4.977 1.669 5.493
22.976 2.284 -5.164 -7.745 13.623 -11.012 -18.676 222.0 10.319 -35.64 4.956 1.669 5.484
22.99 2.286 -5.195 -7.719 13.18 -10.674 -18.393 222.36 11.16 -35.64 4.932 1.668 5.465
23.02 2.305 -5.201 -7.684 12.724 -10.573 -17.718 222.719 12.48 -36.239 4.908 1.666 5.444
23.035 2.267 -5.232 -7.683 12.936 -10.674 -17.267 223.44 13.439 -36.72 4.876 1.665 5.437
23.05 2.258 -5.25 -7.676 13.149 -10.508 -16.868 223.74 14.459 -37.26 4.84 1.664 5.43
23.08 2.247 -5.301 -7.674 12.853 -10.263 -15.977 223.92 15.36 -37.8 4.805 1.663 5.42
23.095 2.223 -5.332 -7.7 12.177 -9.595 -15.406 223.68 16.56 -38.28 4.771 1.662 5.422
23.11 2.256 -5.304 -7.647 11.354 -8.61 -15.048 223.92 17.4 -38.64 4.742 1.662 5.429
23.14 2.318 -5.27 -7.602 10.959 -8.515 -14.515 224.34 17.939 -39.42 4.716 1.661 5.414
23.155 2.229 -5.28 -7.627 11.428 -8.799 -14.184 224.1 19.139 -40.14 4.685 1.66 5.378
23.17 2.213 -5.289 -7.612 12.239 -8.457 -13.806 224.459 20.339 -40.5 4.654 1.659 5.351
23.2 2.274 -5.341 -7.574 12.887 -8.23 -13.192 224.339 21.18 -41.339 4.625 1.658 5.333
23.214 2.222 -5.368 -7.564 13.07 -8.155 -12.961 224.459 22.38 -41.7 4.589 1.656 5.305
23.23 2.24 -5.362 -7.508 13.106 -7.652 -12.569 224.639 23.88 -42.12 4.557 1.655 5.28
23.26 2.216 -5.421 -7.506 13.297 -7.619 -11.828 224.7 25.02 -42.06 4.539 1.654 5.264
23.275 2.294 -5.43 -7.472 13.407 -7.239 -11.412 225.6 26.159 -42.12 4.524 1.652 5.255
23.29 2.256 -5.425 -7.438 13.929 -7.202 -11.38 226.2 27.119 -42.84 4.504 1.651 5.233
23.32 2.204 -5.531 -7.441 15.409 -6.996 -11.481 226.5 28.619 -43.62 4.488 1.65 5.201
23.335 2.156 -5.605 -7.449 15.838 -6.538 -11.108 226.74 29.939 -43.98 4.472 1.648 5.189
23.349 2.233 -5.65 -7.378 15.326 -5.94 -10.254 226.68 30.959 -44.16 4.476 1.648 5.201
23.38 2.217 -5.689 -7.339 14.966 -5.834 -9.814 226.68 31.439 -44.88 4.464 1.648 5.205
23.395 2.136 -5.721 -7.338 15.162 -5.456 -9.693 226.92 32.879 -45.84 4.466 1.648 5.207
23.41 2.187 -5.783 -7.294 15.505 -4.883 -9.413 227.1 33.779 -46.86 4.469 1.648 5.231
23.44 2.179 -5.811 -7.272 15.493 -4.662 -9.238 226.619 34.739 -48.3 4.476 1.646 5.244
23.455 2.202 -5.826 -7.212 15.567 -4.112 -9.094 226.74 36.42 -49.62 4.476 1.644 5.244
23.47 2.074 -5.935 -7.213 15.997 -3.945 -8.97 225.9 38.1 -50.699 4.47 1.641 5.239
23.5 2.151 -6.006 -7.165 15.668 -3.163 -8.501 225.359 39.48 -51.359 4.475 1.639 5.253
23.515 2.263 -5.961 -7.064 14.582 -2.658 -7.97 225.179 40.62 -52.5 4.478 1.638 5.276
23.53 2.228 -5.936 -7.007 14.914 -2.563 -8.022 224.459 41.339 -53.1 4.471 1.637 5.28
23.559 2.18 -6.056 -7.003 16.012 -2.22 -8.003 224.459 42.539 -54.42 4.45 1.634 5.284
23.575 2.232 -6.104 -6.947 15.938 -1.74 -7.781 224.28 43.559 -54.839 4.443 1.63 5.286
23.59 2.246 -6.117 -6.891 15.865 -1.515 -7.83 223.92 44.279 -56.04 4.424 1.627 5.293
23.62 2.259 -6.169 -6.848 15.929 -1.09 -7.535 223.739 44.939 -57.54 4.412 1.623 5.281
23.635 2.279 -6.258 -6.802 15.728 -0.751 -7.035 223.2 45.839 -58.32 4.402 1.619 5.286
23.65 2.353 -6.249 -6.727 15.455 -0.64 -6.913 222.539 46.38 -59.58 4.39 1.617 5.295
23.68 2.416 -6.179 -6.632 16.448 -0.474 -7.089 221.879 46.8 -60.96 4.381 1.615 5.294
23.695 2.349 -6.361 -6.63 18.647 -0.276 -7.209 221.7 47.34 -62.46 4.355 1.611 5.268
23.71 2.267 -6.469 -6.616 18.925 -0.006 -7.079 221.16 48.12 -63.959 4.33 1.606 5.236
23.74 2.361 -6.534 -6.545 18.352 0.519 -6.763 220.38 49.26 -66.059 4.314 1.6 5.217
23.755 2.408 -6.556 -6.473 17.735 0.793 -6.491 220.019 49.38 -67.14 4.299 1.597 5.191
23.77 2.405 -6.594 -6.426 17.566 1.03 -6.261 219.42 49.86 -68.82 4.289 1.594 5.175
23.8 2.382 -6.641 -6.386 17.692 1.248 -6.006 218.879 50.28 -70.32 4.278 1.592 5.151
23.815 2.361 -6.734 -6.349 18.144 1.579 -5.847 218.219 50.46 -71.82 4.271 1.59 5.126
23.83 2.426 -6.766 -6.289 18.044 1.845 -5.599 217.32 50.4 -73.679 4.255 1.588 5.092
23.86 2.372 -6.873 -6.259 18.061 1.958 -5.287 216.9 50.1 -75.42 4.241 1.586 5.062
23.875 2.35 -7.051 -6.24 17.131 2.324 -4.689 216.6 50.04 -76.92 4.237 1.584 5.027
23.905 2.406 -6.966 -6.149 14.804 2.415 -4.09 216.06 49.62 -78.42 4.239 1.583 5.006
23.92 2.495 -6.959 -6.078 14.635 2.436 -3.877 215.34 49.019 -79.14 4.25 1.583 4.988
23.935 2.465 -7.037 -6.028 15.269 2.446 -3.759 214.979 48.18 -80.46 4.256 1.584 4.96
23.951 2.439 -7.121 -6.0 15.519 2.572 -3.688 214.14 47.94 -81.78 4.26 1.583 4.937
23.98 2.446 -7.185 -5.958 15.325 2.628 -3.518 213.36 47.519 -83.4 4.276 1.583 4.924
23.995 2.538 -7.248 -5.902 14.777 2.722 -3.256 212.82 46.739 -84.78 4.289 1.583 4.917
24.01 2.557 -7.247 -5.842 13.881 2.619 -3.074 212.04 46.199 -85.8 4.299 1.583 4.927