40.236 -3.794 -8.876 0.624 0.433 2.708 -1.861 281.459 122.1 -1.259 4.016 1.494 6.411
40.237 -3.789 -8.874 0.626 0.334 2.65 -1.922 281.459 121.979 -1.26 4.014 1.494 6.411
40.251 -3.791 -8.872 0.632 0.357 2.49 -2.016 281.82 121.619 -1.98 4.013 1.494 6.416
40.281 -3.777 -8.882 0.637 0.393 2.376 -2.085 282.3 121.86 -1.859 4.012 1.493 6.415
40.326 -3.775 -8.875 0.648 0.218 2.27 -2.145 282.659 121.859 -1.739 4.012 1.492 6.422
40.327 -3.764 -8.867 0.644 0.095 2.196 -2.193 283.319 122.639 -2.4 4.013 1.491 6.437
40.342 -3.765 -8.862 0.628 0.035 2.067 -2.234 283.019 122.939 -2.699 4.012 1.491 6.449
40.356 -3.758 -8.859 0.619 0.023 1.978 -2.249 283.02 123.299 -2.699 4.012 1.49 6.462
40.372 -3.753 -8.863 0.616 -0.064 1.863 -2.232 283.44 122.519 -3.119 4.012 1.489 6.473
40.386 -3.741 -8.848 0.61 -0.184 1.783 -2.206 283.86 122.46 -3.659 4.013 1.489 6.487
40.416 -3.736 -8.844 0.599 -0.112 1.679 -2.18 283.499 122.46 -4.739 4.013 1.488 6.501
40.431 -3.731 -8.84 0.594 -0.119 1.598 -2.141 283.56 122.52 -4.92 4.013 1.488 6.518
40.446 -3.729 -8.849 0.589 -0.151 1.567 -2.097 282.719 122.999 -4.32 4.013 1.488 6.535
40.476 -3.727 -8.852 0.579 -0.221 1.482 -2.08 282.179 122.939 -4.5 4.013 1.487 6.552
40.491 -3.729 -8.857 0.57 -0.188 1.4 -2.068 281.88 122.759 -5.04 4.013 1.487 6.565
40.506 -3.728 -8.868 0.57 -0.102 1.316 -2.023 281.099 122.819 -4.5 4.013 1.487 6.574
40.536 -3.723 -8.871 0.573 -0.13 1.255 -1.931 281.699 122.699 -4.02 4.013 1.487 6.58
40.551 -3.727 -8.869 0.569 -0.165 1.206 -1.864 281.939 122.46 -4.5 4.013 1.487 6.581
40.566 -3.731 -8.87 0.567 -0.13 1.167 -1.819 281.219 123.059 -3.9 4.013 1.487 6.579
40.596 -3.737 -8.876 0.579 -0.141 1.132 -1.799 281.159 123.479 -3.839 4.013 1.487 6.565
40.611 -3.739 -8.877 0.586 -0.209 1.087 -1.795 281.7 123.78 -3.54 4.013 1.488 6.556
40.626 -3.744 -8.875 0.589 -0.23 1.027 -1.787 282.06 123.539 -3.54 4.012 1.489 6.544
40.656 -3.747 -8.875 0.599 -0.209 0.948 -1.775 282.539 123.179 -4.14 4.013 1.49 6.531
40.671 -3.753 -8.874 0.605 -0.209 0.874 -1.77 283.2 123.0 -3.719 4.013 1.491 6.515
40.686 -3.755 -8.872 0.61 -0.277 0.814 -1.763 282.42 123.42 -3.66 4.013 1.493 6.505
40.716 -3.761 -8.866 0.616 -0.409 0.751 -1.779 282.659 123.059 -3.66 4.013 1.493 6.501
40.746 -3.766 -8.862 0.62 -0.5 0.727 -1.801 282.179 123.059 -3.78 4.014 1.495 6.501
40.747 -3.764 -8.864 0.627 -0.588 0.736 -1.799 282.42 122.819 -3.3 4.015 1.495 6.502
40.791 -3.761 -8.866 0.634 -0.727 0.728 -1.805 282.6 122.52 -3.48 4.016 1.495 6.509
40.792 -3.764 -8.869 0.625 -0.782 0.626 -1.821 282.12 122.88 -3.6 4.017 1.496 6.525
40.806 -3.766 -8.875 0.618 -0.754 0.535 -1.849 281.46 122.819 -3.78 4.017 1.496 6.536
40.836 -3.764 -8.869 0.616 -0.838 0.459 -1.864 281.22 122.819 -3.539 4.018 1.496 6.54
40.851 -3.761 -8.866 0.602 -1.001 0.419 -1.88 280.979 122.7 -3.179 4.018 1.496 6.55
40.866 -3.759 -8.867 0.587 -1.125 0.451 -1.9 280.739 122.46 -3.9 4.02 1.495 6.564
40.897 -3.756 -8.867 0.581 -1.208 0.484 -1.939 281.039 122.16 -3.959 4.022 1.495 6.575
40.912 -3.751 -8.87 0.573 -1.226 0.482 -1.987 281.34 121.979 -4.14 4.023 1.495 6.579
40.926 -3.749 -8.869 0.57 -1.203 0.477 -2.067 280.979 121.74 -4.26 4.025 1.494 6.581
40.957 -3.75 -8.871 0.556 -1.115 0.387 -2.118 280.859 122.22 -4.619 4.025 1.495 6.579
40.971 -3.753 -8.876 0.54 -1.028 0.34 -2.157 281.039 122.039 -4.68 4.026 1.494 6.575
40.986 -3.75 -8.883 0.523 -0.99 0.365 -2.183 281.219 121.5 -4.619 4.029 1.494 6.562
41.016 -3.748 -8.88 0.514 -0.933 0.444 -2.205 281.76 121.079 -4.56 4.03 1.494 6.553
41.031 -3.751 -8.894 0.508 -0.745 0.546 -2.249 281.52 120.839 -4.8 4.032 1.494 6.536
41.046 -3.749 -8.892 0.504 -0.619 0.553 -2.356 281.94 121.139 -5.1 4.032 1.494 6.509
41.076 -3.747 -8.858 0.513 -0.42 0.446 -2.54 282.3 121.259 -4.62 4.032 1.494 6.479
41.091 -3.742 -8.834 0.52 0.145 0.255 -2.785 282.78 120.899 -4.14 4.032 1.494 6.442
41.106 -3.738 -8.86 0.515 0.91 -0.003 -3.126 282.299 120.9 -3.9 4.031 1.494 6.408
41.136 -3.726 -8.854 0.512 1.421 -0.26 -3.494 281.88 121.439 -3.72 4.03 1.494 6.359
41.167 -3.72 -8.857 0.518 2.18 -0.353 -3.765 282.179 120.9 -3.54 4.029 1.494 6.318
41.168 -3.699 -8.851 0.542 2.845 -0.361 -3.867 281.82 121.02 -3.659 4.03 1.495 6.268
41.197 -3.663 -8.829 0.594 3.063 -0.355 -3.974 282.3 121.02 -3.659 4.03 1.495 6.231
41.244 -3.648 -8.811 0.631 2.893 -0.57 -4.219 282.66 121.38 -3.54 4.029 1.495 6.184
41.245 -3.626 -8.809 0.677 2.591 -0.795 -4.284 283.2 121.56 -3.359 4.028 1.496 6.157
41.257 -3.64 -8.833 0.691 2.204 -0.922 -4.237 283.5 121.74 -2.819 4.027 1.497 6.139
41.271 -3.608 -8.847 0.729 1.625 -0.919 -4.181 283.44 121.92 -3.0 4.026 1.497 6.126
41.286 -3.623 -8.909 0.736 1.01 -1.047 -4.093 283.439 122.52 -3.479 4.023 1.498 6.122
41.316 -3.616 -8.903 0.753 0.352 -1.067 -3.847 284.28 122.399 -2.999 4.02 1.499 6.108
41.332 -3.592 -8.905 0.822 0.212 -1.091 -3.606 284.58 121.739 -2.939 4.019 1.499 6.11
41.346 -3.598 -8.932 0.834 0.107 -1.6 -3.56 283.979 122.339 -2.699 4.019 1.499 6.094
41.392 -3.574 -8.954 0.852 -0.115 -2.177 -3.734 284.459 123.06 -2.699 4.013 1.499 6.083
41.393 -3.607 -8.992 0.806 -0.28 -3.028 -4.148 284.34 122.82 -2.099 4.007 1.498 6.071
41.406 -3.641 -9.022 0.77 -0.216 -3.496 -4.462 283.86 122.46 -1.259 4.002 1.499 6.072
41.436 -3.651 -9.037 0.746 -0.18 -3.685 -4.7 283.74 122.819 -0.539 3.995 1.499 6.062
41.466 -3.635 -9.016 0.762 -0.048 -4.067 -4.925 283.38 122.46 -0.06 3.988 1.5 6.052
41.468 -3.653 -9.03 0.748 0.395 -4.629 -5.09 283.379 122.34 -0.06 3.981 1.501 6.033
41.496 -3.624 -9.025 0.729 0.696 -5.122 -5.335 283.619 122.7 0.9 3.981 1.502 6.01
41.511 -3.61 -9.013 0.742 0.809 -5.541 -5.741 283.14 122.94 0.779 3.983 1.502 6.001
41.526 -3.616 -9.021 0.709 0.614 -6.013 -5.932 283.98 123.42 0.66 3.986 1.503 5.993
41.556 -3.587 -9.027 0.719 0.053 -6.232 -5.925 284.34 123.54 1.259 3.985 1.503 5.994
41.572 -3.582 -9.04 0.707 -0.679 -6.203 -5.843 284.699 123.419 1.5 3.986 1.505 6.002
41.587 -3.55 -8.997 0.73 -1.153 -5.913 -5.48 284.939 124.38 1.619 3.985 1.506 6.019
41.616 -3.484 -8.986 0.781 -1.167 -5.678 -4.911 284.879 125.28 1.559 3.983 1.507 6.033
41.646 -3.441 -8.932 0.837 -1.094 -5.764 -4.506 284.939 125.699 1.14 3.983 1.508 6.035
41.648 -3.38 -8.91 0.857 -0.76 -5.861 -4.17 284.939 126.059 0.659 3.984 1.509 6.032
41.721 -3.35 -8.866 0.881 -0.719 -5.797 -3.972 284.76 126.239 1.44 3.985 1.509 6.044
41.722 -3.332 -8.796 0.938 -0.779 -5.587 -3.616 284.82 126.419 1.739 3.982 1.509 6.054
41.736 -3.351 -8.765 0.984 -0.761 -5.554 -3.094 284.94 126.539 2.34 3.977 1.511 6.042
41.737 -3.346 -8.737 1.058 -0.723 -5.486 -2.601 284.64 126.359 3.479 3.968 1.512 6.032
41.751 -3.337 -8.741 1.065 -0.824 -5.527 -2.149 285.3 126.42 3.419 3.962 1.513 6.038
41.766 -3.347 -8.75 1.077 -0.895 -5.574 -2.04 284.52 126.479 3.599 3.957 1.515 6.051
41.796 -3.351 -8.742 1.125 -0.958 -5.561 -2.093 284.28 126.6 4.08 3.954 1.516 6.056
41.826 -3.368 -8.723 1.155 -1.125 -5.683 -2.078 284.88 125.88 4.2 3.953 1.516 6.041
41.827 -3.306 -8.529 1.2 -1.383 -5.938 -2.086 284.999 125.759 5.159 3.951 1.517 6.042
41.856 -3.221 -8.401 1.171 -1.082 -6.44 -2.219 284.7 125.46 5.819 3.948 1.517 6.055
41.886 -3.114 -8.156 1.292 -1.518 -6.809 -2.551 284.76 125.52 5.999 3.946 1.518 6.057
41.887 -3.021 -8.062 1.309 -1.526 -7.509 -3.332 284.76 125.52 5.76 3.944 1.518 6.052
41.931 -2.956 -7.818 1.308 -2.127 -8.493 -4.25 284.88 125.4 5.879 3.942 1.517 6.05
41.947 -2.88 -7.697 1.371 -2.461 -9.283 -5.015 284.82 125.7 6.539 3.94 1.517 6.008
41.947 -2.814 -7.598 1.361 -3.158 -10.356 -5.758 284.16 126.12 6.72 3.937 1.516 5.968
41.977 -2.796 -7.394 1.299 -3.453 -11.421 -6.393 284.88 126.359 8.16 3.935 1.515 5.914
41.991 -2.765 -7.423 1.273 -2.912 -12.107 -7.038 285.3 126.42 8.94 3.932 1.514 5.858
42.006 -2.719 -7.311 1.269 -3.199 -12.981 -7.946 285.6 126.72 9.36 3.929 1.513 5.807
42.037 -2.77 -7.497 1.213 -2.615 -13.9 -8.75 285.239 126.96 9.84 3.925 1.513 5.754
42.053 -2.884 -7.616 1.222 -2.204 -14.66 -9.216 285.719 127.8 10.2 3.92 1.512 5.686
42.083 -2.964 -7.872 1.075 -1.124 -15.342 -8.964 285.96 128.639 11.28 3.913 1.51 5.641
42.097 -3.022 -7.913 1.053 -0.901 -15.587 -8.479 285.9 128.699 11.94 3.906 1.509 5.6
42.112 -3.01 -8.095 1.019 -0.226 -15.222 -7.822 286.08 129.479 12.48 3.899 1.508 5.553
42.126 -3.037 -8.11 0.96 -0.145 -14.72 -7.283 286.86 129.9 12.66 3.893 1.507 5.55
42.156 -3.053 -8.082 1.065 0.804 -13.771 -6.509 287.159 129.72 13.919 3.888 1.506 5.536
42.171 -2.993 -8.217 1.198 1.878 -13.057 -5.234 287.159 129.84 14.16 3.883 1.506 5.546
42.186 -2.931 -8.233 1.229 1.825 -12.625 -3.696 287.4 130.079 14.16 3.878 1.506 5.556
42.216 -2.871 -8.354 1.228 1.477 -11.92 -2.224 287.34 131.219 14.219 3.876 1.506 5.588
42.232 -2.838 -8.38 1.195 0.951 -11.033 -1.145 287.64 131.76 14.52 3.875 1.507 5.622
42.246 -2.808 -8.401 1.165 0.377 -9.931 -0.325 287.64 132.36 15.36 3.876 1.508 5.672
42.276 -2.826 -8.438 1.167 0.199 -9.002 0.284 287.219 132.42 16.02 3.877 1.509 5.709
42.292 -2.844 -8.571 1.171 0.809 -7.977 1.007 287.099 132.42 16.379 3.878 1.51 5.728
42.306 -2.87 -8.653 1.181 1.422 -6.9 1.602 287.1 132.059 17.58 3.88 1.511 5.767
42.336 -2.914 -8.813 1.11 2.304 -5.883 2.142 287.159 132.719 17.999 3.882 1.512 5.802
42.351 -2.963 -8.917 1.065 3.141 -4.666 1.981 287.099 132.899 18.059 3.882 1.513 5.818
42.366 -3.027 -8.975 0.993 4.043 -3.493 1.33 286.32 133.32 17.759 3.882 1.513 5.817
42.396 -3.134 -8.825 0.966 3.936 -2.332 0.977 285.96 133.32 18.839 3.881 1.514 5.805
42.411 -3.236 -8.757 0.972 5.496 -1.121 0.833 285.239 132.84 20.4 3.88 1.514 5.799
42.426 -3.333 -8.737 0.983 6.632 -0.036 0.799 284.939 132.78 20.82 3.881 1.514 5.787
42.456 -3.414 -8.646 1.026 5.951 1.285 1.238 284.82 132.3 21.419 3.881 1.514 5.762
42.486 -3.429 -8.477 1.043 4.896 2.417 1.638 284.64 132.36 21.119 3.881 1.513 5.728
42.487 -3.395 -8.304 1.05 3.765 3.147 1.78 285.06 133.14 21.299 3.885 1.513 5.73
42.516 -3.471 -8.41 1.007 2.625 3.687 1.886 284.52 133.68 20.639 3.889 1.513 5.74
42.531 -3.464 -8.255 1.006 0.448 4.067 2.617 282.96 133.32 20.279 3.895 1.514 5.733
42.547 -3.465 -8.151 0.951 -0.852 4.307 3.983 282.179 133.979 20.22 3.901 1.514 5.755
42.576 -3.479 -8.098 0.951 -2.238 4.905 5.481 281.7 133.619 20.7 3.91 1.513 5.791
42.591 -3.444 -8.241 0.957 -2.717 5.388 6.909 280.679 134.039 19.92 3.922 1.514 5.828
42.607 -3.424 -8.404 0.914 -4.396 5.621 8.428 279.96 134.04 18.72 3.935 1.514 5.853
42.636 -3.424 -8.4 0.88 -6.814 6.229 9.829 278.88 133.92 17.88 3.956 1.514 5.887
42.651 -3.38 -8.456 0.913 -8.161 7.009 11.372 277.62 133.499 16.74 3.975 1.514 5.906
42.666 -3.406 -8.652 0.944 -8.708 7.645 12.744 276.54 133.26 15.9 4.0 1.515 5.926
42.696 -3.536 -8.948 0.85 -9.211 8.267 13.932 274.799 133.079 16.2 4.02 1.515 5.923
42.712 -3.575 -8.907 0.812 -11.778 8.919 15.593 272.94 132.659 15.539 4.038 1.515 5.904
42.726 -3.714 -8.861 0.732 -13.912 9.454 17.052 272.1 132.66 15.779 4.055 1.514 5.888
42.756 -3.794 -9.04 0.683 -15.022 10.522 18.003 270.24 132.12 14.999 4.067 1.513 5.862
42.771 -3.96 -9.252 0.602 -16.062 11.118 17.878 268.38 132.42 14.219 4.087 1.513 5.831
42.787 -4.096 -9.259 0.512 -18.023 11.517 17.113 266.52 132.12 13.2 4.105 1.513 5.789
42.816 -4.226 -9.073 0.461 -19.354 11.843 16.123 264.3 132.299 12.9 4.163 1.512 5.726
42.832 -4.309 -9.115 0.418 -18.741 12.044 15.298 262.86 131.94 13.02 4.189 1.511 5.667
42.846 -4.425 -9.323 0.299 -18.767 12.158 13.993 261.3 132.299 13.5 4.22 1.511 5.633
42.877 -4.456 -9.239 0.21 -20.38 12.586 12.416 259.199 132.359 13.439 4.23 1.511 5.597
42.891 -4.546 -9.017 0.186 -21.626 12.929 11.466 257.279 132.0 12.72 4.284 1.512 5.567
42.907 -4.554 -8.98 0.199 -21.008 13.241 11.151 256.079 131.64 12.36 4.338 1.514 5.563
42.936 -4.535 -9.225 0.184 -20.495 13.802 9.993 253.74 131.82 11.58 4.384 1.515 5.541
42.952 -4.606 -9.201 0.121 -23.283 14.06 9.266 252.119 131.64 11.28 4.433 1.517 5.515
42.966 -4.493 -8.989 0.069 -26.616 14.348 10.714 250.619 130.859 11.22 4.505 1.518 5.449
42.996 -4.457 -8.901 -0.015 -26.898 14.805 11.541 248.82 130.499 11.58 4.592 1.52 5.417
43.011 -4.59 -9.047 -0.164 -27.191 15.732 12.236 247.38 130.02 10.98 4.641 1.521 5.394
43.026 -4.587 -9.083 -0.237 -29.396 16.796 14.322 244.98 129.18 10.38 4.706 1.522 5.332
43.056 -4.589 -8.932 -0.315 -30.438 17.349 15.92 242.52 128.639 9.6 4.776 1.523 5.266
43.072 -4.739 -9.052 -0.47 -30.982 18.151 16.983 240.78 128.34 10.139 4.851 1.524 5.203
43.102 -4.723 -9.074 -0.567 -32.974 19.629 18.043 238.74 127.74 9.78 4.893 1.524 5.146
43.116 -4.767 -9.001 -0.711 -34.058 20.738 17.99 236.34 127.979 10.02 4.939 1.524 5.066
43.132 -4.868 -8.931 -0.868 -33.99 21.412 18.266 234.119 126.96 9.84 4.946 1.524 5.028
43.147 -4.898 -8.959 -0.983 -33.081 22.242 18.503 231.839 125.88 10.44 4.949 1.524 4.989
43.177 -5.073 -8.96 -1.07 -31.553 23.243 16.928 229.14 125.46 10.86 4.93 1.523 4.974
43.191 -5.173 -9.081 -1.173 -31.019 23.925 16.516 227.219 124.739 10.86 4.897 1.521 4.944
43.206 -5.116 -9.105 -1.248 -30.957 24.336 16.051 224.94 123.539 11.58 4.846 1.519 4.928
43.236 -5.232 -8.966 -1.374 -30.661 24.426 13.62 223.14 123.779 11.58 4.802 1.519 4.952
43.253 -5.309 -8.967 -1.521 -30.172 24.686 12.164 220.98 123.3 11.7 4.754 1.518 4.969
43.266 -5.273 -8.886 -1.586 -29.389 24.792 11.252 218.94 122.46 11.22 4.719 1.517 4.986
43.296 -5.394 -8.977 -1.705 -28.234 24.367 9.876 216.48 121.919 11.16 4.676 1.517 4.999
43.311 -5.447 -8.946 -1.86 -29.104 24.177 8.512 214.44 121.08 11.28 4.639 1.517 5.022
43.326 -5.5 -8.874 -1.978 -29.246 23.985 6.978 212.34 120.059 11.459 4.656 1.517 5.039
43.356 -5.512 -8.73 -2.15 -27.515 22.633 5.777 210.48 120.12 11.16 4.672 1.517 5.056
43.371 -5.543 -8.736 -2.349 -25.907 21.109 4.747 208.44 119.64 10.44 4.677 1.517 5.083
43.386 -5.573 -8.689 -2.503 -25.061 19.818 3.394 206.459 119.22 10.5 4.679 1.518 5.109
43.417 -5.607 -8.441 -2.663 -24.479 18.18 2.118 204.84 119.4 10.559 4.69 1.519 5.122
43.431 -5.597 -8.489 -2.822 -22.037 16.34 1.706 203.22 118.62 10.739 4.703 1.52 5.128
43.446 -5.588 -8.493 -2.924 -19.426 14.257 0.54 202.92 118.2 10.44 4.714 1.521 5.137
43.476 -5.624 -8.428 -3.098 -17.56 11.823 -0.577 201.9 118.14 10.62 4.721 1.521 5.154
43.522 -5.552 -8.222 -3.241 -14.9 9.272 -0.992 201.06 117.66 10.98 4.726 1.52 5.171
43.523 -5.559 -8.266 -3.333 -9.708 6.612 -1.136 200.46 117.059 10.739 4.721 1.519 5.184
43.536 -5.484 -8.278 -3.41 -6.254 4.108 -1.374 200.4 117.72 10.679 4.711 1.518 5.199
43.566 -5.481 -8.183 -3.406 -4.659 2.198 -2.408 200.58 117.539 10.5 4.707 1.518 5.218
43.567 -5.389 -8.101 -3.37 -1.364 -0.183 -2.741 201.0 118.08 10.68 4.703 1.517 5.241
43.611 -5.4 -8.066 -3.345 2.138 -2.619 -2.815 200.34 118.74 10.86 4.7 1.516 5.262
43.612 -5.332 -8.21 -3.289 6.059 -5.049 -2.813 200.459 118.86 10.62 4.699 1.515 5.291
43.641 -5.297 -8.185 -3.222 8.35 -7.211 -3.567 200.16 119.28 10.2 4.695 1.514 5.312
43.656 -5.293 -8.101 -3.153 10.779 -9.205 -3.921 199.379 119.58 10.379 4.687 1.514 5.333
43.671 -5.291 -8.258 -3.046 14.321 -11.037 -3.962 199.679 119.519 10.2 4.674 1.513 5.341
43.687 -5.274 -8.451 -2.936 15.73 -12.425 -4.803 200.459 119.939 10.619 4.66 1.513 5.333
43.716 -5.249 -8.363 -2.801 15.462 -13.688 -6.078 201.179 120.299 10.739 4.641 1.513 5.328
43.731 -5.314 -8.457 -2.675 18.164 -15.261 -6.95 202.26 120.3 11.219 4.624 1.512 5.298
43.746 -5.344 -8.67 -2.577 20.796 -16.577 -7.348 203.1 120.539 11.819 4.611 1.511 5.25
43.777 -5.323 -8.719 -2.504 19.766 -17.293 -8.111 204.06 120.299 11.819 4.591 1.511 5.198
43.792 -5.296 -8.738 -2.398 20.361 -18.3 -9.652 205.859 119.819 11.7 4.557 1.509 5.139
43.806 -5.383 -8.806 -2.31 22.44 -19.264 -11.267 207.42 120.179 11.579 4.529 1.508 5.083
43.836 -5.342 -8.905 -2.252 22.958 -19.797 -12.01 209.7 120.9 12.179 4.498 1.508 5.008
43.852 -5.304 -8.899 -2.169 21.438 -20.192 -13.006 211.8 121.559 12.239 4.465 1.507 4.929
43.866 -5.256 -8.797 -2.072 21.667 -21.099 -13.715 213.42 122.22 12.539 4.439 1.506 4.86
43.897 -5.229 -8.846 -1.987 23.904 -21.884 -13.994 215.1 122.94 11.939 4.414 1.505 4.796
43.911 -5.228 -9.005 -1.92 24.504 -22.073 -14.025 217.019 123.539 12.179 4.393 1.504 4.735
43.926 -5.059 -8.891 -1.845 22.529 -21.889 -13.759 218.7 124.02 12.179 4.366 1.503 4.672
43.956 -4.989 -8.763 -1.767 22.371 -21.901 -14.354 219.779 124.979 12.419 4.334 1.504 4.638
43.972 -5.012 -8.775 -1.672 25.021 -22.122 -14.712 221.88 126.599 12.719 4.304 1.505 4.589
43.986 -5.003 -8.89 -1.625 25.571 -21.702 -14.453 223.619 127.139 12.779 4.29 1.506 4.529
44.017 -4.941 -8.863 -1.521 24.103 -20.732 -14.649 225.78 127.979 12.66 4.275 1.507 4.469
44.032 -4.977 -8.847 -1.397 24.559 -20.061 -14.961 227.459 128.34 12.78 4.259 1.507 4.425
44.061 -4.998 -8.917 -1.286 26.022 -19.007 -15.541 229.14 128.82 13.26 4.251 1.508 4.384
44.077 -4.98 -9.015 -1.163 25.557 -17.396 -16.874 231.3 129.3 13.14 4.237 1.508 4.341
44.122 -5.014 -8.873 -0.974 24.76 -16.464 -18.529 233.58 129.539 13.86 4.221 1.509 4.302
44.123 -4.978 -8.8 -0.799 26.195 -16.297 -19.185 235.68 130.56 14.4 4.203 1.509 4.282
44.136 -4.999 -8.912 -0.646 26.943 -15.467 -20.384 237.66 131.219 14.34 4.183 1.509 4.297
44.152 -4.945 -9.029 -0.535 25.575 -13.925 -21.745 240.359 131.039 13.679 4.161 1.508 4.305
44.166 -4.917 -9.052 -0.461 22.682 -12.287 -22.963 242.399 130.8 13.559 4.14 1.507 4.318
44.196 -4.806 -8.974 -0.351 20.252 -10.936 -23.304 244.679 131.28 13.439 4.119 1.506 4.363
44.211 -4.699 -8.981 -0.234 18.092 -9.506 -23.248 246.84 130.92 14.279 4.089 1.504 4.412
44.226 -4.496 -8.929 -0.14 16.209 -8.23 -23.949 249.119 131.16 14.28 4.063 1.502 4.482
44.256 -4.414 -8.933 -0.076 15.962 -7.762 -24.038 250.799 131.279 14.64 4.033 1.5 4.551
44.271 -4.295 -8.942 -0.071 16.325 -7.627 -23.037 253.379 130.979 14.579 4.005 1.499 4.611
44.317 -4.091 -9.017 -0.111 16.114 -7.023 -22.258 254.94 130.62 14.58 3.978 1.497 4.668
44.318 -3.989 -9.114 -0.182 15.126 -6.077 -22.674 257.1 130.619 14.1 3.954 1.495 4.711
44.332 -3.893 -9.075 -0.197 14.576 -5.232 -22.508 259.26 130.38 13.979 3.931 1.494 4.721
44.347 -3.786 -8.972 -0.087 15.525 -4.799 -21.219 261.419 130.979 14.34 3.915 1.493 4.731
44.376 -3.612 -9.025 0.039 17.429 -4.199 -20.138 263.34 131.579 14.579 3.903 1.492 4.76
44.392 -3.511 -8.933 0.206 17.479 -3.691 -19.545 265.5 131.579 15.42 3.897 1.489 4.787
44.406 -3.371 -8.877 0.327 18.006 -3.846 -18.685 266.879 132.119 14.999 3.891 1.488 4.814
44.436 -3.373 -8.972 0.382 19.002 -3.844 -18.47 268.259 131.94 15.179 3.891 1.486 4.838
44.452 -3.392 -9.023 0.373 17.422 -3.229 -18.245 271.02 132.06 14.819 3.887 1.485 4.855
44.467 -3.318 -8.882 0.473 13.874 -1.749 -17.469 272.46 132.54 15.539 3.894 1.484 4.88
44.496 -3.217 -8.683 0.649 12.035 -0.259 -16.875 274.5 133.38 16.019 3.904 1.483 4.914
44.512 -3.171 -8.626 0.817 12.048 0.912 -16.574 275.4 132.839 16.32 3.915 1.483 4.932
44.526 -3.135 -8.563 0.935 10.896 1.442 -15.674 277.2 132.839 16.2 3.931 1.482 4.966
44.556 -3.075 -8.458 0.95 8.706 1.687 -14.436 278.82 132.66 16.139 3.946 1.482 5.005
44.572 -3.084 -8.329 0.99 6.703 2.036 -13.311 280.26 131.82 16.02 3.961 1.483 5.029
44.586 -3.056 -8.375 1.001 6.378 2.873 -12.73 281.159 131.64 15.599 3.969 1.484 5.044
44.616 -3.102 -8.305 0.934 5.012 3.9 -11.946 282.06 131.22 16.139 3.982 1.486 5.059
44.632 -3.035 -8.126 1.016 2.206 4.985 -9.35 283.26 131.22 16.139 3.991 1.488 5.06
44.646 -2.848 -7.95 1.19 1.929 5.7 -7.603 284.159 130.92 15.959 4.005 1.49 5.074
44.676 -2.824 -8.089 1.263 3.605 5.722 -7.094 284.94 130.979 14.94 4.01 1.492 5.101
44.692 -2.936 -8.317 1.173 3.026 5.66 -5.766 285.78 130.859 13.979 4.013 1.493 5.134
44.721 -2.882 -8.28 1.125 0.546 6.223 -3.493 286.68 131.16 13.679 4.016 1.496 5.179
44.766 -2.854 -8.289 1.113 -0.008 7.272 -2.604 286.44 131.039 13.919 4.018 1.498 5.246
44.77 -2.916 -8.409 1.103 -0.206 8.692 -2.17 286.14 130.619 14.219 4.016 1.499 5.294
44.781 -2.894 -8.383 1.098 -1.704 9.875 -0.863 286.38 130.139 13.98 4.01 1.499 5.339
44.796 -2.914 -8.346 1.058 -1.922 10.246 0.354 286.62 130.38 13.62 4.003 1.5 5.361
44.811 -2.902 -8.506 1.073 -0.374 10.762 1.009 287.28 130.32 12.959 3.996 1.501 5.389
44.826 -2.958 -8.575 1.078 0.619 11.247 1.098 287.16 129.719 12.24 3.987 1.501 5.437
44.856 -3.038 -8.617 0.99 0.516 11.832 2.087 286.799 129.599 12.0 3.979 1.502 5.483
44.872 -3.068 -8.632 0.941 -0.077 12.881 2.949 286.5 128.82 12.06 3.971 1.503 5.476
44.887 -3.054 -8.581 0.994 -0.089 13.745 3.188 286.44 128.399 11.28 3.964 1.503 5.476
44.916 -3.099 -8.595 1.024 0.859 14.155 3.058 286.68 128.039 10.56 3.958 1.503 5.484
44.931 -3.163 -8.636 0.991 1.667 14.207 3.434 286.8 128.039 9.84 3.953 1.503 5.473
44.947 -3.147 -8.602 1.029 2.346 14.289 3.519 286.74 128.1 9.299 3.949 1.505 5.456
44.976 -3.198 -8.626 0.997 3.377 13.974 2.79 286.979 127.98 9.3 3.95 1.506 5.453
44.991 -3.197 -8.571 0.987 3.327 14.233 2.393 288.12 127.08 8.64 3.949 1.508 5.444
45.021 -3.273 -8.467 0.983 2.858 14.305 2.269 287.82 126.3 8.22 3.949 1.511 5.427
45.036 -3.296 -8.541 0.947 2.993 14.19 2.175 288.12 126.119 7.92 3.949 1.512 5.394
45.067 -3.28 -8.537 0.985 2.373 14.022 1.621 288.0 125.76 7.2 3.95 1.512 5.361
45.068 -3.315 -8.345 0.998 2.363 13.502 1.34 287.28 126.239 6.72 3.951 1.513 5.374
45.096 -3.314 -8.362 0.981 3.329 13.332 1.906 286.5 125.819 6.9 3.951 1.513 5.376
45.111 -3.298 -8.352 1.008 3.329 13.256 2.247 286.26 125.819 6.659 3.95 1.514 5.35
45.126 -3.249 -8.371 1.067 2.792 13.151 2.372 286.2 125.399 6.359 3.95 1.515 5.323
45.156 -3.249 -8.41 1.052 1.302 12.77 2.639 285.9 124.739 5.459 3.948 1.515 5.297
45.171 -3.166 -8.363 1.081 -0.287 12.958 3.185 285.6 124.439 4.319 3.945 1.515 5.257
45.186 -3.141 -8.45 1.062 -0.812 12.949 3.79 284.04 124.679 3.719 3.945 1.513 5.243
45.231 -3.036 -8.506 1.016 -1.69 12.87 4.382 284.04 125.16 3.0 3.945 1.511 5.231
45.232 -3.02 -8.419 0.976 -2.069 12.792 5.006 283.62 125.339 2.58 3.945 1.509 5.205
45.276 -3.009 -8.38 0.89 -1.364 12.775 5.906 283.439 125.64 2.28 3.948 1.507 5.191
45.278 -2.857 -8.165 0.894 -0.97 13.131 6.528 284.46 125.339 1.86 3.954 1.506 5.167
45.291 -2.977 -8.303 0.628 -1.257 11.712 6.151 284.46 125.46 1.14 3.964 1.505 5.121
45.306 -2.89 -8.024 0.807 -1.803 11.206 5.803 284.219 125.339 0.3 3.973 1.504 5.108
45.336 -3.156 -8.329 0.756 -1.455 9.598 5.349 283.679 125.16 -0.119 3.982 1.503 5.117
45.367 -3.429 -8.414 0.568 -1.48 8.234 4.847 284.159 125.28 -0.72 3.989 1.501 5.126
45.368 -3.471 -8.509 0.783 0.251 8.442 4.289 283.919 125.52 -0.48 3.996 1.501 5.155
45.397 -3.635 -8.573 0.596 -0.261 6.532 3.814 284.28 125.4 -0.6 4.004 1.501 5.19
45.412 -3.711 -8.49 0.772 0.445 6.448 3.187 284.04 125.399 -1.08 4.01 1.5 5.216
45.426 -3.765 -8.539 0.778 0.973 4.965 2.674 284.58 125.219 -1.38 4.018 1.5 5.264
45.456 -3.857 -8.68 0.862 1.048 4.116 2.153 284.46 124.38 -1.619 4.023 1.499 5.308
45.472 -4.05 -9.037 0.843 0.183 2.641 1.653 283.92 124.08 -1.679 4.028 1.499 5.355
45.486 -4.045 -8.893 1.015 -0.969 2.576 1.654 284.52 123.72 -2.04 4.029 1.498 5.414
45.516 -4.15 -9.224 0.831 -0.593 2.219 1.577 284.34 123.42 -1.739 4.032 1.498 5.443
45.546 -4.016 -8.91 0.783 -1.535 2.49 1.465 284.46 123.78 -1.86 4.034 1.497 5.448
45.548 -3.784 -8.8 1.003 -0.616 3.122 1.391 283.499 123.9 -1.619 4.039 1.495 5.466
45.576 -3.878 -8.815 0.711 -1.215 1.354 1.477 283.199 123.6 -2.04 4.045 1.494 5.474
45.591 -3.795 -8.75 0.919 -0.287 2.139 1.319 283.199 124.08 -2.28 4.051 1.493 5.463
45.606 -3.856 -8.84 0.725 -0.655 1.038 1.36 283.14 123.78 -1.98 4.057 1.492 5.443
45.637 -3.851 -8.849 0.694 -0.876 1.727 1.139 282.9 124.019 -2.099 4.063 1.491 5.424
45.651 -3.812 -8.854 0.624 -1.254 1.746 0.634 282.78 124.499 -2.579 4.069 1.49 5.393
45.666 -3.838 -8.802 0.566 -1.419 1.905 0.138 282.36 124.679 -2.88 4.072 1.489 5.368
45.696 -3.761 -8.759 0.619 -0.822 2.287 -0.128 281.999 124.679 -2.28 4.073 1.489 5.361
45.742 -3.819 -8.734 0.524 -0.661 1.861 -0.158 282.12 124.559 -2.76 4.075 1.49 5.355
45.743 -3.76 -8.739 0.545 0.13 2.021 0.0 282.42 124.739 -3.42 4.075 1.49 5.341
45.787 -3.797 -8.779 0.434 0.211 1.364 0.115 282.9 124.74 -3.3 4.076 1.491 5.312
45.789 -3.771 -8.776 0.444 0.828 1.442 -0.058 283.44 124.679 -3.479 4.076 1.492 5.302
45.831 -3.795 -8.82 0.393 1.234 1.254 -0.241 283.2 124.2 -3.0 4.076 1.493 5.312
45.832 -3.77 -8.784 0.42 1.173 1.441 -0.341 283.38 124.379 -3.3 4.076 1.494 5.331
45.846 -3.777 -8.788 0.426 1.125 1.32 -0.302 283.199 124.32 -3.36 4.075 1.495 5.331
45.861 -3.783 -8.754 0.415 1.152 1.208 -0.167 282.839 124.56 -3.0 4.076 1.496 5.335
45.876 -3.784 -8.768 0.419 1.577 1.203 -0.025 282.839 124.679 -3.0 4.075 1.496 5.332
45.907 -3.818 -8.794 0.4 1.676 1.164 0.049 282.599 124.319 -3.36 4.074 1.497 5.318
45.907 -3.821 -8.774 0.438 1.691 1.361 0.082 282.54 124.619 -3.42 4.072 1.496 5.317
45.951 -3.846 -8.766 0.457 1.849 1.395 0.064 282.36 124.32 -3.239 4.068 1.496 5.336
45.952 -3.847 -8.759 0.495 2.076 1.543 0.061 282.539 124.62 -3.78 4.064 1.497 5.36
45.966 -3.879 -8.792 0.511 2.058 1.567 0.069 281.999 124.92 -3.599 4.061 1.496 5.363
45.996 -3.899 -8.767 0.545 1.751 1.553 0.044 282.419 124.859 -3.899 4.056 1.496 5.362
46.012 -3.915 -8.79 0.566 1.886 1.487 -0.083 281.64 124.679 -4.319 4.05 1.496 5.358
46.026 -3.942 -8.805 0.577 1.875 1.401 -0.301 281.64 124.679 -4.32 4.044 1.495 5.357
46.059 -3.965 -8.81 0.612 1.739 1.451 -0.529 281.7 124.259 -4.14 4.037 1.495 5.359
46.071 -3.982 -8.793 0.641 1.383 1.483 -0.665 281.52 124.08 -4.08 4.031 1.494 5.366
46.086 -3.984 -8.791 0.667 1.137 1.538 -0.745 281.58 124.74 -3.9 4.025 1.493 5.367
46.116 -3.992 -8.807 0.666 0.859 1.441 -0.839 281.58 124.38 -3.54 4.019 1.493 5.359
46.132 -3.992 -8.808 0.668 0.714 1.358 -1.025 281.52 123.599 -3.12 4.014 1.492 5.343
46.146 -3.993 -8.807 0.671 0.626 1.289 -1.2 281.7 123.42 -3.42 4.01 1.492 5.339
46.191 -3.988 -8.794 0.674 0.406 1.322 -1.293 282.12 123.12 -3.6 4.005 1.491 5.336
46.193 -3.97 -8.795 0.671 0.184 1.348 -1.371 281.58 123.179 -3.899 4.0 1.491 5.332
46.206 -3.964 -8.78 0.673 0.064 1.262 -1.5 282.0 123.0 -3.239 3.998 1.491 5.326
46.252 -3.954 -8.772 0.678 0.196 1.165 -1.663 281.94 122.579 -3.54 3.996 1.492 5.332
46.253 -3.943 -8.766 0.674 0.241 1.049 -1.764 282.419 122.819 -3.899 3.991 1.491 5.333
46.296 -3.925 -8.772 0.667 0.342 1.045 -1.787 282.54 122.46 -4.38 3.986 1.492 5.324
46.298 -3.913 -8.765 0.664 0.371 1.001 -1.809 282.659 122.7 -4.859 3.978 1.492 5.319
46.312 -3.901 -8.761 0.673 0.496 1.008 -1.848 282.6 122.64 -4.919 3.97 1.493 5.325
46.326 -3.894 -8.768 0.672 0.509 1.021 -1.833 282.539 123.42 -5.58 3.963 1.494 5.331
46.356 -3.885 -8.769 0.675 0.458 1.103 -1.803 282.479 123.479 -5.279 3.954 1.494 5.332
46.371 -3.875 -8.754 0.686 0.395 1.103 -1.78 282.539 123.66 -5.34 3.95 1.494 5.332
46.386 -3.87 -8.744 0.689 0.497 1.064 -1.738 282.659 124.38 -4.979 3.944 1.495 5.329
46.416 -3.861 -8.752 0.684 0.529 1.076 -1.672 283.02 124.739 -5.34 3.941 1.495 5.33
46.432 -3.859 -8.749 0.676 0.293 1.061 -1.599 282.84 125.4 -5.279 3.936 1.495 5.329
46.446 -3.861 -8.753 0.671 0.187 1.09 -1.538 282.96 125.16 -5.04 3.936 1.495 5.327
46.476 -3.859 -8.748 0.675 0.131 1.077 -1.519 283.26 125.219 -5.1 3.936 1.495 5.337
46.492 -3.863 -8.749 0.686 0.083 1.003 -1.5 282.96 124.679 -5.159 3.942 1.495 5.351
46.507 -3.871 -8.75 0.679 -0.017 0.912 -1.432 282.84 124.799 -5.16 3.953 1.495 5.36
46.536 -3.881 -8.75 0.684 -0.117 0.873 -1.322 283.2 124.679 -4.56 3.965 1.495 5.372
46.551 -3.898 -8.763 0.684 -0.181 0.824 -1.22 283.14 124.62 -4.62 3.979 1.495 5.387
46.566 -3.909 -8.778 0.678 -0.2 0.793 -1.197 283.499 124.38 -4.38 3.992 1.496 5.401
46.596 -3.927 -8.788 0.68 -0.321 0.794 -1.199 283.8 123.96 -4.439 4.006 1.497 5.417
46.611 -3.942 -8.784 0.687 -0.504 0.812 -1.189 283.32 124.08 -4.079 4.018 1.497 5.434
46.627 -3.96 -8.783 0.69 -0.57 0.823 -1.151 283.68 123.839 -4.439 4.03 1.498 5.45
46.656 -3.978 -8.785 0.687 -0.512 0.825 -1.13 283.68 124.08 -4.319 4.04 1.499 5.465
46.671 -3.996 -8.781 0.685 -0.551 0.798 -1.13 283.979 124.5 -3.9 4.053 1.499 5.474
46.701 -4.015 -8.786 0.666 -0.559 0.801 -1.184 284.46 124.5 -3.66 4.062 1.499 5.477