40.476 -0.516 9.474 -1.976 -0.654 0.856 -1.382 143.579 18.419 137.94 3.573 1.558 3.801
40.505 -0.501 9.449 -1.987 -0.657 1.177 -1.671 143.7 18.3 138.3 3.573 1.558 3.808
40.521 -0.489 9.429 -2.0 -0.877 1.506 -2.007 143.279 17.76 137.76 3.573 1.559 3.818
40.535 -0.479 9.455 -1.999 -1.194 1.738 -2.299 143.579 18.06 138.06 3.573 1.56 3.829
40.565 -0.458 9.445 -2.003 -1.183 1.844 -2.636 143.7 18.299 138.3 3.573 1.56 3.839
40.581 -0.456 9.412 -2.011 -1.17 1.841 -2.984 143.52 18.24 137.52 3.573 1.562 3.847
40.595 -0.457 9.411 -2.019 -1.324 1.863 -3.22 142.86 18.54 138.06 3.574 1.563 3.852
40.625 -0.446 9.414 -2.019 -1.464 1.945 -3.305 142.739 18.78 138.42 3.575 1.564 3.841
40.642 -0.435 9.414 -2.018 -1.519 2.004 -3.358 142.679 18.24 138.239 3.575 1.566 3.837
40.655 -0.432 9.435 -2.018 -1.49 1.927 -3.416 142.2 18.72 138.6 3.575 1.566 3.825
40.685 -0.445 9.483 -2.009 -1.316 1.941 -3.358 142.56 18.599 138.48 3.573 1.566 3.812
40.7 -0.448 9.526 -2.006 -0.833 2.114 -3.119 142.32 19.2 138.84 3.572 1.567 3.8
40.716 -0.436 9.53 -2.002 -0.168 2.228 -2.797 142.079 19.679 139.079 3.571 1.567 3.786
40.745 -0.431 9.534 -2.028 0.241 2.179 -2.556 141.959 19.32 139.32 3.571 1.567 3.771
40.761 -0.426 9.562 -2.009 0.238 1.987 -2.266 142.079 19.32 139.079 3.572 1.566 3.757
40.775 -0.407 9.592 -1.992 0.283 1.618 -2.015 141.959 19.56 139.44 3.573 1.565 3.745
40.805 -0.411 9.621 -1.991 0.509 1.085 -1.834 142.92 19.2 139.439 3.572 1.564 3.733
40.821 -0.398 9.63 -1.986 0.855 0.445 -1.679 143.4 19.439 139.44 3.572 1.563 3.729
40.835 -0.383 9.618 -1.995 1.256 -0.308 -1.504 143.399 19.68 139.2 3.572 1.562 3.729
40.865 -0.385 9.581 -1.997 1.549 -1.136 -1.253 143.22 19.619 139.019 3.572 1.562 3.731
40.88 -0.388 9.529 -1.993 1.541 -1.961 -0.991 143.46 19.98 139.019 3.573 1.561 3.733
40.895 -0.389 9.489 -1.986 1.239 -2.709 -0.712 143.58 19.62 138.78 3.574 1.56 3.736
40.925 -0.398 9.484 -1.973 0.867 -3.363 -0.446 143.88 19.32 138.6 3.576 1.56 3.74
40.942 -0.408 9.489 -1.942 0.789 -3.877 -0.167 143.76 18.599 138.48 3.577 1.56 3.745
40.955 -0.427 9.459 -1.965 1.12 -4.095 -0.006 143.579 18.54 138.78 3.576 1.56 3.75
40.985 -0.458 9.419 -1.986 1.289 -3.912 0.075 143.099 18.54 138.66 3.574 1.56 3.755
41.0 -0.461 9.391 -1.991 1.016 -3.563 0.06 142.619 18.66 138.42 3.575 1.561 3.76
41.015 -0.489 9.38 -2.005 0.598 -3.088 -0.096 142.2 18.12 138.6 3.576 1.561 3.766
41.045 -0.522 9.386 -2.011 0.116 -2.238 -0.304 142.38 18.06 138.42 3.576 1.561 3.77
41.062 -0.51 9.406 -2.013 -0.35 -1.067 -0.543 143.1 17.82 138.78 3.578 1.561 3.769
41.075 -0.505 9.424 -2.028 -0.655 0.03 -0.844 142.92 17.04 138.839 3.579 1.561 3.767
41.105 -0.511 9.453 -2.045 -0.891 1.14 -1.199 143.339 17.1 138.78 3.58 1.56 3.765
41.12 -0.513 9.486 -2.052 -1.038 2.322 -1.503 143.339 17.22 138.54 3.578 1.56 3.762
41.135 -0.508 9.498 -2.055 -1.001 3.507 -1.701 143.7 18.18 139.02 3.576 1.559 3.757
41.166 -0.484 9.509 -2.061 -0.873 4.354 -1.763 143.34 18.66 138.9 3.577 1.558 3.752
41.182 -0.463 9.516 -2.063 -0.722 4.79 -1.719 143.7 18.419 139.14 3.578 1.558 3.747
41.195 -0.451 9.5 -2.07 -0.526 5.017 -1.582 143.459 18.42 139.379 3.576 1.557 3.743
41.225 -0.423 9.487 -2.07 -0.528 5.037 -1.386 143.459 17.94 139.38 3.574 1.556 3.737
41.241 -0.398 9.478 -2.061 -0.608 4.554 -1.212 143.579 17.94 139.38 3.571 1.556 3.733
41.255 -0.393 9.467 -2.06 -0.511 3.822 -1.167 143.219 18.18 139.38 3.568 1.555 3.733
41.285 -0.39 9.457 -2.055 -0.283 3.135 -1.145 143.279 18.36 139.32 3.565 1.555 3.734
41.301 -0.382 9.438 -2.054 0.024 2.39 -1.08 142.619 18.54 139.14 3.563 1.554 3.735
41.315 -0.379 9.414 -2.056 0.351 1.611 -1.055 142.859 18.419 139.62 3.563 1.553 3.738
41.345 -0.384 9.373 -2.07 0.604 0.794 -1.103 142.799 17.88 139.08 3.563 1.552 3.742
41.362 -0.398 9.342 -2.071 0.464 0.19 -1.152 142.68 17.16 139.32 3.563 1.551 3.746
41.375 -0.405 9.36 -2.074 0.077 -0.145 -1.217 142.38 17.82 139.14 3.563 1.551 3.75
41.405 -0.414 9.387 -2.083 -0.054 -0.325 -1.352 142.2 17.4 138.959 3.564 1.551 3.754
41.421 -0.429 9.399 -2.081 0.092 -0.345 -1.477 142.32 17.4 138.84 3.565 1.551 3.758
41.435 -0.45 9.415 -2.088 0.395 -0.122 -1.586 142.019 17.22 139.38 3.566 1.551 3.763
41.465 -0.47 9.411 -2.105 0.708 0.3 -1.603 141.779 16.979 139.14 3.568 1.551 3.767
41.482 -0.481 9.427 -2.101 0.868 0.779 -1.584 141.66 17.1 138.78 3.57 1.551 3.772
41.495 -0.477 9.455 -2.109 0.963 0.987 -1.627 141.78 17.099 139.14 3.571 1.552 3.776
41.525 -0.47 9.469 -2.114 0.985 0.909 -1.651 141.72 17.279 138.239 3.572 1.552 3.778
41.541 -0.444 9.505 -2.105 0.832 0.767 -1.538 141.54 17.34 138.42 3.572 1.553 3.776
41.557 -0.42 9.553 -2.099 0.825 0.422 -1.4 141.6 17.52 137.879 3.57 1.555 3.774
41.585 -0.399 9.55 -2.095 1.068 -0.244 -1.287 141.599 17.04 137.999 3.569 1.555 3.771
41.601 -0.386 9.558 -2.095 1.054 -1.146 -1.114 142.079 17.16 137.76 3.568 1.555 3.768
41.616 -0.369 9.578 -2.085 0.932 -2.086 -1.022 141.9 17.7 137.7 3.567 1.556 3.765
41.645 -0.36 9.575 -2.092 0.822 -3.034 -1.109 141.78 17.58 137.219 3.565 1.556 3.761
41.662 -0.359 9.632 -2.103 0.426 -4.112 -1.386 141.6 17.4 137.159 3.564 1.555 3.759
41.676 -0.373 9.711 -2.149 -0.017 -5.217 -1.776 141.06 17.22 137.579 3.562 1.555 3.756
41.705 -0.366 9.766 -2.172 -0.323 -5.907 -2.253 141.48 16.559 137.04 3.561 1.554 3.752
41.721 -0.368 9.823 -2.202 -0.585 -6.383 -2.861 141.54 16.74 137.339 3.559 1.553 3.751
41.735 -0.395 9.908 -2.235 -0.942 -6.899 -3.661 141.18 16.38 136.98 3.557 1.551 3.752
41.765 -0.436 10.016 -2.294 -1.638 -7.341 -4.519 141.66 15.78 136.74 3.558 1.55 3.753
41.781 -0.49 10.16 -2.379 -2.727 -7.514 -5.636 141.84 15.719 136.56 3.556 1.549 3.754
41.796 -0.529 10.282 -2.42 -3.915 -7.492 -7.453 141.18 16.02 136.5 3.554 1.547 3.755
41.825 -0.614 10.419 -2.51 -5.282 -7.612 -9.772 141.72 15.839 136.56 3.551 1.546 3.76
41.841 -0.705 10.651 -2.552 -6.943 -7.429 -11.976 142.02 16.02 136.74 3.547 1.545 3.761
41.855 -0.775 10.842 -2.571 -7.842 -6.788 -13.856 142.32 15.959 136.8 3.542 1.545 3.762
41.885 -0.814 10.898 -2.61 -8.124 -5.879 -15.588 142.739 16.14 136.98 3.537 1.544 3.767
41.902 -0.882 10.954 -2.623 -9.071 -5.164 -17.522 142.68 17.16 137.64 3.531 1.544 3.77
41.915 -0.977 11.04 -2.636 -10.499 -4.719 -19.577 142.86 17.339 137.94 3.526 1.544 3.782
41.945 -1.06 11.093 -2.607 -11.832 -4.007 -21.689 143.16 18.0 138.48 3.519 1.544 3.796
41.96 -1.163 11.079 -2.545 -12.584 -3.286 -23.722 142.5 18.419 138.899 3.515 1.544 3.798
41.975 -1.225 11.072 -2.421 -12.805 -2.75 -25.318 141.9 18.54 139.259 3.512 1.545 3.799
42.005 -1.305 11.014 -2.32 -12.23 -2.428 -26.282 142.26 19.14 139.62 3.509 1.545 3.799
42.021 -1.338 10.907 -2.201 -11.367 -2.029 -26.687 142.26 19.74 139.74 3.508 1.545 3.795
42.035 -1.385 10.789 -2.074 -10.496 -2.188 -27.036 141.66 20.46 140.34 3.51 1.545 3.793
42.065 -1.379 10.643 -1.93 -9.564 -3.017 -27.425 141.72 21.24 141.12 3.518 1.545 3.792
42.081 -1.446 10.607 -1.792 -8.609 -4.632 -27.915 141.84 21.6 141.239 3.527 1.546 3.785
42.096 -1.506 10.571 -1.661 -7.19 -6.641 -28.103 141.06 22.02 141.06 3.536 1.546 3.783
42.125 -1.523 10.474 -1.528 -5.369 -9.058 -28.169 140.579 22.5 141.06 3.544 1.547 3.772
42.142 -1.554 10.406 -1.42 -3.616 -12.395 -28.151 140.64 22.8 140.76 3.55 1.546 3.761
42.155 -1.611 10.378 -1.335 -2.151 -16.261 -28.09 140.459 23.46 140.579 3.554 1.546 3.762
42.185 -1.629 10.253 -1.277 -0.809 -20.224 -27.814 140.579 24.18 140.7 3.559 1.546 3.764
42.201 -1.63 10.148 -1.234 -0.089 -24.505 -27.551 140.88 24.0 141.0 3.565 1.545 3.771
42.216 -1.692 10.085 -1.205 0.38 -29.303 -27.329 140.219 24.42 140.94 3.569 1.546 3.779
42.245 -1.753 10.014 -1.168 0.864 -33.916 -26.987 140.52 24.48 140.279 3.573 1.545 3.784
42.261 -1.875 9.898 -1.179 1.463 -38.246 -26.576 139.859 23.94 139.26 3.571 1.544 3.791
42.276 -1.92 9.682 -1.158 1.325 -41.917 -25.985 139.14 23.94 139.26 3.57 1.542 3.797
42.305 -1.996 9.549 -1.144 0.493 -45.092 -24.969 139.2 23.759 139.2 3.57 1.541 3.8
42.321 -2.128 9.486 -1.12 0.061 -46.995 -23.758 138.959 23.04 138.839 3.571 1.539 3.805
42.335 -2.245 9.347 -1.116 0.357 -47.232 -22.139 138.3 22.979 138.539 3.573 1.54 3.807
42.365 -2.282 9.114 -1.141 1.064 -46.248 -20.491 138.12 22.44 139.079 3.576 1.54 3.809
42.381 -2.414 8.968 -1.141 1.316 -44.299 -19.4 137.4 22.08 138.959 3.582 1.541 3.81
42.396 -2.555 8.994 -1.096 1.138 -41.017 -17.944 136.44 21.96 138.48 3.584 1.541 3.807
42.425 -2.71 8.969 -1.043 2.11 -36.448 -16.366 135.9 21.3 138.06 3.586 1.541 3.805
42.441 -2.786 8.813 -1.056 3.955 -30.795 -14.607 135.6 21.119 138.12 3.587 1.543 3.805
42.455 -2.82 8.677 -1.04 5.093 -24.669 -12.732 135.9 20.82 138.3 3.589 1.544 3.804
42.485 -2.92 8.683 -1.018 6.562 -18.645 -10.9 135.959 21.0 137.28 3.59 1.545 3.806
42.502 -3.048 8.623 -1.016 8.832 -12.845 -9.339 135.06 20.34 136.62 3.592 1.547 3.806
42.516 -3.113 8.559 -1.036 10.689 -7.887 -7.672 134.219 20.34 136.74 3.594 1.548 3.804
42.545 -3.155 8.518 -1.052 12.401 -4.058 -6.031 134.339 20.1 136.379 3.599 1.548 3.805
42.56 -3.156 8.493 -1.01 14.038 -1.03 -4.066 133.98 20.82 135.42 3.604 1.547 3.809
42.575 -3.2 8.431 -1.025 15.561 0.995 -1.911 133.92 20.52 133.92 3.606 1.547 3.814
42.605 -3.214 8.329 -1.022 16.403 1.777 0.445 133.679 20.16 132.959 3.613 1.546 3.814
42.622 -3.14 8.258 -0.992 17.048 1.182 2.992 133.68 19.919 132.359 3.618 1.545 3.812
42.635 -3.178 8.114 -1.005 17.429 -0.462 5.554 132.9 19.619 131.82 3.624 1.544 3.817
42.665 -3.184 8.208 -0.871 16.026 -2.284 9.026 131.82 19.74 131.1 3.63 1.543 3.83
42.68 -3.257 8.082 -0.892 15.629 -5.111 12.227 131.579 18.54 130.259 3.638 1.542 3.836
42.696 -3.209 7.927 -0.862 14.298 -7.545 15.309 131.52 17.88 129.36 3.644 1.54 3.844
42.726 -3.22 7.838 -0.771 11.619 -9.299 18.574 131.1 16.98 128.1 3.649 1.54 3.846
42.741 -3.145 7.771 -0.651 8.907 -10.877 21.258 130.559 16.32 127.679 3.651 1.539 3.847
42.755 -3.186 7.785 -0.568 6.502 -12.193 22.374 130.74 14.7 127.26 3.651 1.538 3.845
42.786 -3.17 7.785 -0.526 4.116 -13.096 23.323 130.62 12.9 127.26 3.651 1.538 3.843
42.802 -3.066 7.777 -0.482 2.367 -13.419 23.394 130.68 11.4 126.719 3.649 1.538 3.847
42.815 -3.002 7.782 -0.498 0.188 -12.966 22.674 130.74 10.14 126.059 3.65 1.538 3.853
42.845 -2.91 7.859 -0.507 -2.711 -12.529 21.522 130.32 9.0 125.16 3.649 1.538 3.851
42.875 -2.82 7.85 -0.556 -4.645 -12.551 19.106 130.8 7.8 124.679 3.649 1.538 3.841
42.877 -2.672 8.038 -0.531 -7.367 -12.218 16.372 130.739 6.779 125.22 3.646 1.54 3.838
42.905 -2.566 8.231 -0.542 -8.495 -12.46 13.358 131.399 6.0 125.64 3.644 1.541 3.833
42.921 -2.376 8.361 -0.594 -8.141 -13.714 10.174 132.359 5.04 126.24 3.641 1.542 3.834
42.935 -2.334 8.515 -0.662 -7.835 -15.183 7.235 132.239 3.84 126.0 3.64 1.543 3.836
42.965 -2.272 8.598 -0.785 -7.936 -17.145 5.4 131.879 3.24 125.64 3.641 1.545 3.839
42.981 -2.152 8.707 -0.799 -8.085 -19.275 3.71 132.54 3.419 125.82 3.641 1.546 3.845
42.996 -2.192 8.716 -0.905 -7.967 -21.672 2.219 132.18 3.54 126.3 3.642 1.547 3.85
43.025 -2.183 8.752 -0.946 -8.4 -23.825 1.516 132.3 3.299 127.14 3.643 1.548 3.855
43.055 -2.149 8.731 -1.008 -8.125 -25.557 1.133 133.2 2.04 127.559 3.644 1.55 3.862
43.056 -2.142 8.606 -1.117 -8.327 -26.525 0.632 133.2 1.44 127.679 3.645 1.551 3.864
43.085 -2.175 8.564 -1.087 -9.498 -26.835 0.161 133.739 1.259 127.26 3.647 1.551 3.865
43.115 -2.21 8.494 -1.101 -9.926 -26.261 -0.232 133.92 0.479 126.96 3.649 1.552 3.867
43.117 -2.237 8.337 -1.138 -10.145 -24.195 -0.658 133.74 -0.3 126.3 3.65 1.553 3.868
43.146 -2.21 8.204 -1.123 -11.472 -21.239 -0.959 134.22 -0.779 126.78 3.651 1.553 3.868
43.16 -2.2 8.252 -1.037 -12.435 -18.054 -1.711 134.64 -0.96 127.08 3.65 1.554 3.867
43.175 -2.253 8.231 -1.041 -11.872 -14.469 -2.362 135.06 -1.739 127.38 3.651 1.555 3.862
43.205 -2.204 8.169 -0.961 -11.458 -10.054 -2.733 135.359 -1.679 127.2 3.651 1.555 3.858
43.221 -2.249 8.177 -0.877 -11.496 -6.263 -3.599 135.48 -1.799 126.96 3.65 1.556 3.853
43.235 -2.237 8.375 -0.692 -11.529 -3.013 -4.275 135.48 -0.959 127.199 3.649 1.556 3.848
43.267 -2.274 8.475 -0.602 -9.68 -0.297 -4.562 135.72 -1.08 127.559 3.648 1.556 3.849
43.281 -2.212 8.395 -0.579 -7.848 2.5 -4.229 135.72 -0.839 128.28 3.648 1.557 3.85
43.296 -2.22 8.362 -0.488 -8.585 4.432 -3.385 135.539 -0.54 128.94 3.647 1.556 3.852
43.325 -2.251 8.486 -0.329 -9.746 5.354 -2.751 135.839 0.599 129.839 3.647 1.555 3.855
43.341 -2.271 8.465 -0.291 -9.589 5.722 -2.248 136.2 1.08 129.959 3.647 1.555 3.858
43.355 -2.222 8.287 -0.268 -10.283 6.234 -1.508 136.44 0.96 130.199 3.648 1.555 3.86
43.385 -2.153 8.218 -0.179 -12.561 6.383 -1.168 136.38 1.62 130.86 3.648 1.555 3.861
43.401 -2.184 8.262 -0.13 -14.644 6.068 -1.269 137.28 0.839 131.64 3.647 1.555 3.871
43.415 -2.134 8.236 -0.075 -15.777 6.435 -1.176 137.76 0.72 132.36 3.646 1.554 3.881
43.445 -2.074 8.049 -0.047 -16.909 7.254 -1.577 138.179 0.06 133.62 3.644 1.554 3.89
43.46 -2.086 7.963 -0.007 -18.905 8.045 -2.622 138.959 0.48 134.64 3.643 1.553 3.897
43.475 -2.102 8.006 0.071 -20.702 9.1 -3.906 139.259 0.9 135.54 3.642 1.552 3.902
43.505 -2.074 8.106 0.134 -21.161 10.583 -5.487 139.859 1.62 136.38 3.641 1.552 3.906
43.521 -2.057 8.02 0.114 -20.796 12.535 -7.1 140.579 1.739 137.7 3.64 1.552 3.91
43.535 -2.137 8.038 0.09 -21.248 14.677 -9.178 141.239 1.319 138.959 3.639 1.55 3.914
43.566 -2.234 8.262 0.192 -21.809 17.075 -10.83 141.959 2.159 140.399 3.638 1.549 3.918
43.581 -2.4 8.437 0.216 -20.561 19.541 -11.759 142.2 2.639 141.48 3.637 1.548 3.924
43.596 -2.4 8.477 0.236 -18.074 22.674 -12.341 142.56 3.479 143.04 3.636 1.546 3.922
43.625 -2.455 8.422 0.187 -15.238 25.121 -13.097 142.74 4.74 143.94 3.634 1.545 3.923
43.642 -2.664 8.579 0.163 -13.256 27.113 -13.8 143.16 6.359 144.12 3.634 1.544 3.922
43.655 -2.786 8.816 0.171 -10.806 29.335 -13.523 142.859 6.899 144.78 3.633 1.545 3.922
43.686 -2.867 8.835 0.113 -6.375 31.192 -13.032 142.92 7.8 145.799 3.633 1.547 3.924
43.7 -2.97 8.839 0.031 -2.295 32.9 -12.547 142.56 8.52 146.279 3.632 1.548 3.925
43.715 -3.068 9.004 0.012 0.6 33.993 -11.17 141.9 9.54 146.22 3.632 1.549 3.926
43.746 -3.126 9.09 0.046 4.35 34.432 -9.117 142.019 11.34 146.459 3.631 1.551 3.926
43.762 -3.189 8.993 -0.087 9.03 34.636 -7.523 142.019 12.419 146.82 3.632 1.553 3.929
43.775 -3.151 8.944 -0.14 12.077 34.577 -6.091 141.78 13.259 146.34 3.632 1.554 3.928
43.805 -3.162 8.924 -0.176 13.788 33.25 -4.703 141.42 14.339 145.02 3.633 1.556 3.926
43.821 -3.283 9.167 -0.172 14.767 31.738 -3.735 141.3 14.82 144.54 3.635 1.558 3.919
43.836 -3.26 9.247 -0.237 17.088 30.599 -1.85 140.88 15.959 144.0 3.634 1.559 3.919
43.865 -3.263 9.049 -0.377 19.641 29.768 0.132 140.7 17.34 143.339 3.636 1.559 3.92
43.88 -3.264 9.095 -0.437 20.096 28.982 1.929 140.28 17.4 141.72 3.632 1.559 3.924
43.895 -3.305 9.318 -0.444 21.079 27.813 3.625 140.339 17.82 140.82 3.624 1.558 3.923
43.925 -3.35 9.29 -0.606 23.248 27.199 4.793 140.16 17.879 139.8 3.615 1.558 3.922
43.941 -3.294 9.338 -0.711 23.437 27.712 5.784 139.44 18.479 138.48 3.606 1.557 3.918
43.955 -3.266 9.431 -0.814 22.909 27.56 6.943 138.72 18.719 137.4 3.597 1.557 3.914
43.985 -3.331 9.566 -0.919 22.612 27.876 8.074 138.18 19.139 136.14 3.584 1.558 3.911
44.001 -3.336 9.784 -0.967 22.832 29.076 9.741 137.52 19.44 136.079 3.571 1.558 3.908
44.015 -3.218 9.726 -1.142 23.912 30.411 11.913 137.16 20.4 135.119 3.559 1.558 3.908
44.045 -3.14 9.699 -1.288 23.076 31.779 13.409 137.1 20.58 134.7 3.547 1.558 3.903
44.062 -3.063 9.898 -1.411 21.248 32.145 13.971 136.2 20.52 133.8 3.54 1.558 3.897
44.075 -3.018 10.068 -1.518 19.354 32.286 14.505 135.66 21.06 133.38 3.536 1.558 3.888
44.105 -2.838 10.012 -1.663 17.106 32.754 15.464 135.12 21.36 133.2 3.536 1.558 3.883
44.121 -2.663 10.082 -1.714 14.518 32.648 16.242 135.06 21.54 132.78 3.537 1.558 3.879
44.135 -2.563 10.138 -1.844 12.938 31.616 16.99 135.06 21.78 133.14 3.54 1.558 3.879
44.165 -2.397 10.199 -1.901 10.777 31.065 17.841 134.76 21.96 132.72 3.54 1.558 3.878
44.18 -2.179 10.177 -1.981 8.934 29.898 18.149 134.88 21.96 132.72 3.543 1.557 3.877
44.195 -2.119 10.135 -2.166 6.978 28.16 17.98 135.359 21.84 131.999 3.543 1.556 3.875
44.225 -1.978 10.19 -2.195 4.235 26.917 18.367 134.82 21.3 132.3 3.544 1.556 3.873
44.241 -1.844 10.259 -2.221 3.149 25.142 18.716 134.399 21.359 132.239 3.544 1.556 3.871
44.256 -1.699 10.288 -2.198 3.288 23.618 19.646 134.76 21.599 132.479 3.545 1.556 3.87
44.285 -1.505 10.226 -2.233 4.493 22.15 20.954 135.06 21.78 132.9 3.546 1.555 3.868
44.302 -1.401 10.155 -2.321 5.578 20.351 21.811 135.48 21.359 132.239 3.547 1.554 3.867
44.315 -1.279 10.19 -2.374 5.576 18.51 22.532 135.12 21.119 132.839 3.55 1.552 3.865
44.346 -1.147 10.245 -2.392 5.611 16.638 23.099 134.82 20.58 132.3 3.553 1.551 3.863
44.361 -1.045 10.253 -2.426 6.236 14.77 23.519 135.72 19.919 132.359 3.558 1.55 3.862
44.375 -0.938 10.267 -2.456 6.793 13.136 23.963 135.719 19.56 132.6 3.564 1.549 3.861
44.405 -0.75 10.304 -2.462 7.148 11.458 23.928 135.42 19.14 133.26 3.571 1.548 3.861
44.421 -0.644 10.337 -2.486 7.622 9.291 22.7 136.14 18.42 132.899 3.577 1.546 3.86
44.436 -0.534 10.326 -2.51 7.574 7.248 20.829 136.2 17.4 132.72 3.583 1.544 3.855
44.465 -0.41 10.32 -2.525 6.536 5.271 18.278 135.96 16.8 132.6 3.583 1.543 3.848
44.481 -0.368 10.319 -2.559 4.966 3.3 15.106 136.5 16.379 132.18 3.584 1.542 3.842
44.495 -0.301 10.322 -2.533 3.143 1.891 11.878 136.56 16.319 132.96 3.585 1.542 3.836
44.525 -0.273 10.273 -2.508 1.807 0.793 8.609 136.619 16.5 132.659 3.585 1.542 3.832
44.541 -0.258 10.204 -2.486 0.855 -0.002 5.502 136.379 15.9 132.42 3.585 1.542 3.825
44.556 -0.244 10.119 -2.466 0.108 -0.441 2.698 135.78 15.779 131.94 3.584 1.541 3.818
44.585 -0.237 10.039 -2.438 -0.722 -0.61 0.299 136.14 15.899 131.459 3.583 1.541 3.812
44.602 -0.271 9.912 -2.394 -1.367 -0.452 -1.514 136.44 16.199 130.919 3.583 1.541 3.805
44.615 -0.277 9.785 -2.363 -2.07 0.15 -2.419 135.959 16.56 131.279 3.583 1.542 3.8
44.645 -0.294 9.694 -2.32 -2.596 0.988 -2.729 136.14 16.259 131.1 3.585 1.542 3.799
44.662 -0.324 9.594 -2.316 -2.59 1.961 -2.724 137.16 16.2 131.28 3.586 1.542 3.799
44.676 -0.332 9.512 -2.282 -2.738 3.025 -2.438 136.8 15.36 131.16 3.588 1.541 3.798
44.706 -0.35 9.486 -2.271 -2.738 3.806 -2.132 136.68 15.48 130.8 3.588 1.541 3.797
44.721 -0.374 9.443 -2.273 -2.374 4.553 -1.792 137.28 15.12 130.92 3.588 1.54 3.795
44.735 -0.385 9.407 -2.264 -2.092 5.378 -1.358 137.999 15.36 131.4 3.587 1.54 3.795
44.765 -0.394 9.395 -2.261 -1.918 6.05 -1.037 137.94 15.179 131.82 3.587 1.54 3.795
44.782 -0.397 9.382 -2.256 -1.836 6.453 -0.777 138.299 14.939 132.54 3.587 1.539 3.794
44.796 -0.418 9.399 -2.267 -1.933 6.612 -0.631 137.879 15.12 133.2 3.586 1.539 3.796
44.825 -0.439 9.416 -2.27 -1.815 6.677 -0.605 138.179 15.059 133.379 3.585 1.539 3.798
44.841 -0.44 9.435 -2.279 -1.454 6.737 -0.719 138.3 15.419 133.98 3.583 1.539 3.8
44.855 -0.441 9.451 -2.283 -1.016 6.682 -0.777 137.82 15.66 134.1 3.582 1.539 3.801
44.886 -0.443 9.466 -2.29 -0.655 6.528 -0.719 137.759 16.439 134.52 3.58 1.54 3.802
44.901 -0.451 9.444 -2.298 -0.406 6.48 -0.532 137.879 16.68 134.76 3.58 1.539 3.803
44.915 -0.449 9.435 -2.3 -0.377 6.465 -0.235 137.999 16.919 134.64 3.579 1.539 3.804
44.945 -0.452 9.45 -2.31 -0.399 6.335 0.046 137.7 17.099 134.7 3.58 1.538 3.807
44.961 -0.444 9.464 -2.324 -0.185 6.235 0.228 137.399 17.52 134.88 3.579 1.537 3.81
44.975 -0.452 9.46 -2.346 0.121 6.238 0.365 136.92 17.52 134.399 3.578 1.537 3.812
45.005 -0.438 9.433 -2.363 0.306 6.335 0.47 137.16 17.04 134.039 3.577 1.535 3.812
45.021 -0.427 9.418 -2.362 0.145 6.293 0.505 136.859 16.74 133.62 3.577 1.534 3.812
45.036 -0.436 9.419 -2.358 -0.271 5.967 0.635 137.219 16.38 133.26 3.578 1.533 3.812
45.065 -0.436 9.416 -2.351 -0.668 5.661 0.787 136.859 16.26 133.26 3.578 1.532 3.812
45.082 -0.423 9.41 -2.35 -0.809 5.284 0.761 137.16 16.32 132.84 3.579 1.53 3.814
45.095 -0.415 9.408 -2.342 -0.824 4.62 0.577 137.1 16.14 132.9 3.58 1.53 3.817
45.126 -0.411 9.396 -2.344 -0.864 3.829 0.229 137.04 16.079 133.079 3.58 1.53 3.818
45.141 -0.411 9.377 -2.33 -0.979 3.107 -0.241 137.52 15.839 133.32 3.58 1.529 3.818
45.155 -0.431 9.361 -2.312 -1.129 2.431 -0.728 137.94 15.9 133.739 3.581 1.528 3.818
45.185 -0.427 9.364 -2.289 -1.105 1.966 -1.197 138.239 15.719 134.16 3.581 1.528 3.817
45.201 -0.431 9.36 -2.272 -0.838 1.675 -1.598 138.179 16.14 133.98 3.582 1.528 3.816
45.215 -0.403 9.341 -2.268 -0.475 1.627 -2.01 138.539 16.259 133.98 3.583 1.529 3.816
45.245 -0.396 9.313 -2.269 -0.248 1.854 -2.554 138.239 16.199 134.4 3.584 1.529 3.816
45.261 -0.401 9.309 -2.268 -0.402 2.41 -3.027 138.6 15.959 134.4 3.584 1.53 3.816
45.275 -0.395 9.326 -2.252 -0.661 3.348 -3.37 138.66 16.14 134.94 3.585 1.53 3.816
45.306 -0.375 9.317 -2.237 -0.674 4.517 -3.666 138.66 16.259 134.82 3.585 1.529 3.814
45.32 -0.363 9.315 -2.232 -0.697 5.747 -3.952 138.6 16.68 134.76 3.586 1.529 3.814
45.335 -0.353 9.328 -2.242 -0.826 6.989 -4.206 138.18 17.1 134.579 3.586 1.53 3.814
45.365 -0.305 9.352 -2.237 -1.033 8.169 -4.389 138.12 17.16 134.04 3.586 1.53 3.813
45.381 -0.275 9.366 -2.239 -1.262 8.973 -4.612 137.4 17.88 134.16 3.586 1.531 3.813
45.396 -0.252 9.386 -2.233 -1.577 9.445 -4.85 137.459 18.419 134.7 3.586 1.53 3.813
45.426 -0.268 9.418 -2.244 -1.97 9.679 -4.918 137.579 19.139 135.42 3.586 1.53 3.813
45.441 -0.245 9.441 -2.235 -2.242 9.818 -4.776 137.94 19.979 135.299 3.585 1.53 3.812
45.455 -0.215 9.452 -2.229 -2.339 9.439 -4.541 138.179 20.459 135.42 3.585 1.53 3.81
45.485 -0.204 9.463 -2.239 -2.35 8.611 -4.209 138.06 20.459 135.42 3.584 1.531 3.809
45.502 -0.221 9.497 -2.251 -2.338 7.622 -3.69 137.94 20.58 135.66 3.586 1.532 3.811
45.515 -0.215 9.509 -2.253 -2.2 6.672 -2.996 137.94 20.7 135.78 3.587 1.532 3.813
45.545 -0.207 9.483 -2.257 -2.015 5.525 -2.262 138.12 20.64 135.72 3.587 1.533 3.815
45.561 -0.233 9.472 -2.263 -1.954 4.158 -1.612 138.3 20.46 135.9 3.587 1.534 3.818
45.575 -0.255 9.473 -2.272 -1.867 2.883 -1.036 138.84 20.4 135.839 3.588 1.535 3.821
45.605 -0.252 9.468 -2.278 -1.706 1.78 -0.509 138.84 19.56 135.719 3.59 1.536 3.824
45.621 -0.249 9.44 -2.279 -1.507 0.671 -0.205 138.36 19.08 135.839 3.591 1.538 3.827
45.636 -0.267 9.419 -2.293 -1.572 -0.5 -0.125 138.48 18.839 135.839 3.593 1.538 3.829
45.665 -0.299 9.418 -2.292 -1.84 -1.375 -0.187 138.72 18.72 135.6 3.595 1.539 3.832
45.682 -0.323 9.416 -2.278 -1.987 -1.893 -0.309 138.54 18.419 135.78 3.597 1.54 3.834
45.696 -0.337 9.392 -2.272 -1.99 -2.148 -0.457 139.019 18.18 135.54 3.594 1.541 3.831
45.725 -0.356 9.39 -2.269 -1.95 -2.311 -0.655 138.78 17.939 135.66 3.593 1.541 3.827
45.74 -0.368 9.397 -2.255 -1.737 -2.2 -0.861 139.019 17.7 136.5 3.592 1.541 3.823
45.755 -0.371 9.394 -2.246 -1.461 -1.734 -1.021 139.079 17.759 136.56 3.593 1.54 3.82
45.785 -0.362 9.382 -2.233 -1.32 -1.109 -1.113 138.9 17.82 136.859 3.591 1.54 3.816
45.802 -0.374 9.38 -2.228 -1.241 -0.495 -1.245 139.14 18.18 137.219 3.59 1.539 3.812
45.815 -0.377 9.393 -2.219 -1.153 0.277 -1.371 139.079 18.48 136.799 3.59 1.538 3.808
45.845 -0.368 9.412 -2.198 -0.945 1.208 -1.445 138.48 18.96 137.16 3.589 1.538 3.805
45.861 -0.355 9.424 -2.19 -0.625 2.077 -1.511 138.299 19.139 137.339 3.588 1.537 3.802
45.876 -0.336 9.423 -2.178 -0.274 2.77 -1.66 138.239 19.2 137.76 3.587 1.537 3.798
45.906 -0.317 9.427 -2.17 -0.08 3.325 -1.908 137.82 19.14 137.82 3.589 1.536 3.799
45.921 -0.286 9.434 -2.154 -0.145 3.767 -2.183 138.239 19.44 138.0 3.59 1.537 3.801
45.935 -0.263 9.441 -2.15 -0.264 3.923 -2.47 138.06 19.499 137.7 3.591 1.538 3.802
45.965 -0.251 9.43 -2.146 -0.415 3.855 -2.708 137.999 20.04 137.76 3.591 1.539 3.803
45.981 -0.235 9.438 -2.132 -0.651 3.643 -2.897 138.06 20.1 137.459 3.592 1.541 3.805
45.995 -0.222 9.46 -2.125 -0.725 3.275 -3.016 137.82 19.86 137.099 3.592 1.543 3.807
46.025 -0.21 9.451 -2.128 -0.593 2.75 -2.99 137.82 20.1 137.099 3.591 1.545 3.81
46.04 -0.195 9.438 -2.133 -0.564 2.13 -2.844 138.42 20.1 136.859 3.591 1.547 3.812
46.056 -0.187 9.433 -2.136 -0.682 1.377 -2.644 138.36 20.16 136.56 3.59 1.548 3.816
46.085 -0.194 9.423 -2.161 -0.925 0.557 -2.362 138.6 20.16 136.32 3.589 1.549 3.819
46.102 -0.195 9.424 -2.162 -1.325 -0.192 -1.985 139.079 20.639 136.68 3.587 1.55 3.82
46.115 -0.212 9.427 -2.156 -1.636 -0.893 -1.636 139.079 20.16 136.92 3.586 1.55 3.822
46.145 -0.214 9.443 -2.15 -1.861 -1.365 -1.364 139.26 20.7 136.859 3.585 1.55 3.823