19.878 -2.052 9.272 -3.531 3.035 1.255 -32.549 113.88 -17.88 89.639 3.547 2.03 3.935
19.893 -2.185 9.279 -3.588 2.745 1.331 -34.993 113.52 -16.2 89.999 3.547 2.047 3.926
19.923 -2.307 9.297 -3.615 2.574 1.364 -37.393 113.16 -15.239 89.76 3.548 2.059 3.919
19.938 -2.451 9.293 -3.645 2.816 1.393 -39.79 112.679 -15.359 89.52 3.549 2.069 3.917
19.952 -2.597 9.293 -3.667 3.138 1.455 -41.877 112.619 -13.979 89.22 3.55 2.075 3.917
19.983 -2.722 9.283 -3.694 3.96 1.631 -43.824 112.38 -13.379 89.22 3.553 2.074 3.913
19.998 -2.844 9.23 -3.725 5.26 1.985 -45.722 111.9 -12.54 89.1 3.555 2.064 3.903
20.013 -2.95 9.146 -3.752 6.316 2.432 -47.359 111.42 -11.7 88.62 3.557 2.048 3.894
20.043 -3.089 9.094 -3.789 6.906 2.587 -48.935 111.06 -10.38 87.42 3.558 2.032 3.887
20.057 -3.235 9.054 -3.806 7.271 2.88 -50.237 110.46 -9.06 86.82 3.559 2.015 3.879
20.073 -3.354 8.982 -3.833 7.526 3.51 -51.296 110.34 -8.1 85.38 3.56 2.001 3.873
20.103 -3.445 8.927 -3.844 7.581 4.235 -52.271 109.86 -7.019 83.94 3.56 1.989 3.874
20.117 -3.563 8.884 -3.859 7.635 4.809 -52.953 109.32 -5.76 82.679 3.56 1.979 3.87
20.132 -3.686 8.82 -3.883 7.783 5.442 -53.46 109.56 -3.84 81.6 3.558 1.973 3.862
20.163 -3.797 8.75 -3.906 7.786 6.043 -53.907 108.84 -2.039 81.0 3.558 1.966 3.856
20.177 -3.935 8.712 -3.913 7.657 6.369 -54.157 109.14 0.18 79.86 3.556 1.959 3.843
20.193 -4.071 8.645 -3.943 7.788 6.574 -54.1 109.38 1.979 78.66 3.556 1.951 3.835
20.238 -4.174 8.574 -3.954 7.935 6.683 -53.951 108.9 3.78 77.34 3.556 1.943 3.83
20.239 -4.276 8.472 -3.958 8.099 6.608 -53.735 109.02 5.819 76.5 3.558 1.938 3.829
20.253 -4.38 8.382 -3.954 8.203 6.209 -53.397 109.019 7.5 75.3 3.558 1.935 3.831
20.283 -4.493 8.297 -3.937 8.609 5.416 -52.738 108.9 9.78 74.46 3.559 1.934 3.829
20.298 -4.62 8.155 -3.944 9.377 4.601 -51.829 108.479 12.0 73.679 3.565 1.932 3.831
20.328 -4.708 8.007 -3.946 9.828 3.839 -50.955 108.359 13.68 72.96 3.571 1.929 3.837
20.342 -4.792 7.889 -3.937 9.706 2.637 -49.926 107.7 15.66 72.539 3.578 1.926 3.849
20.373 -4.91 7.775 -3.933 9.76 1.345 -48.853 108.3 17.22 71.46 3.583 1.924 3.864
20.374 -4.996 7.604 -3.937 10.019 0.374 -47.786 107.7 19.14 70.38 3.589 1.922 3.884
20.402 -5.101 7.475 -3.926 10.112 -0.612 -46.866 107.46 20.82 69.179 3.596 1.921 3.906
20.417 -5.241 7.339 -3.928 10.303 -1.656 -46.07 107.4 22.56 68.28 3.602 1.921 3.923
20.433 -5.361 7.199 -3.921 10.49 -2.469 -45.222 106.679 24.6 67.44 3.605 1.922 3.938
20.463 -5.472 7.029 -3.931 10.747 -3.043 -44.389 106.619 26.7 66.78 3.611 1.926 3.95
20.478 -5.542 6.847 -3.918 10.804 -3.351 -43.626 106.319 28.32 65.88 3.615 1.93 3.964
20.493 -5.676 6.699 -3.906 10.841 -3.617 -43.082 106.559 29.88 65.039 3.613 1.931 3.973
20.522 -5.81 6.556 -3.89 10.934 -3.538 -42.355 106.38 31.5 64.019 3.612 1.931 3.983
20.537 -5.928 6.429 -3.869 11.187 -2.961 -41.703 105.9 33.3 62.94 3.61 1.93 3.991
20.553 -6.008 6.258 -3.876 11.458 -2.103 -41.131 105.059 35.459 62.099 3.611 1.927 3.998
20.583 -6.09 6.124 -3.862 11.218 -1.183 -40.658 105.239 36.839 61.44 3.61 1.926 4.005
20.598 -6.149 5.976 -3.842 10.697 -0.142 -40.298 104.7 38.58 60.659 3.609 1.924 4.015
20.627 -6.223 5.861 -3.836 10.231 1.174 -40.009 104.46 40.14 60.179 3.607 1.926 4.027
20.643 -6.307 5.75 -3.841 9.885 2.899 -39.564 104.759 40.92 59.64 3.605 1.931 4.035
20.657 -6.361 5.642 -3.835 9.314 4.832 -39.009 105.719 42.239 58.559 3.605 1.93 4.045
20.673 -6.464 5.572 -3.85 8.462 6.78 -38.441 106.019 44.1 58.26 3.603 1.93 4.055
20.703 -6.493 5.49 -3.862 7.36 8.937 -37.67 106.02 45.18 57.779 3.603 1.935 4.066
20.718 -6.534 5.393 -3.892 6.48 11.054 -37.067 105.96 46.68 57.48 3.601 1.948 4.076
20.733 -6.557 5.269 -3.92 5.539 13.198 -36.348 106.38 47.94 56.94 3.599 1.962 4.084
20.763 -6.593 5.208 -3.923 4.436 15.161 -35.676 107.46 49.26 56.339 3.597 1.974 4.091
20.777 -6.657 5.136 -3.945 3.72 17.067 -35.033 107.519 50.879 55.8 3.594 1.987 4.097
20.793 -6.696 5.031 -3.999 3.081 19.114 -34.047 108.359 52.319 55.08 3.59 1.998 4.098
20.822 -6.663 4.903 -4.014 2.029 20.971 -32.9 109.679 53.759 54.72 3.588 2.002 4.098
20.838 -6.62 4.771 -4.05 0.824 22.305 -31.997 109.92 55.439 54.36 3.587 2.002 4.102
20.868 -6.617 4.672 -4.088 -0.495 23.249 -31.225 109.8 57.48 54.12 3.585 2.003 4.106
20.883 -6.597 4.544 -4.135 -1.586 23.947 -30.645 110.4 58.319 53.52 3.583 2.008 4.111
20.942 -6.561 4.448 -4.154 -2.674 24.235 -30.225 110.7 59.58 52.86 3.581 2.016 4.114
20.943 -6.512 4.391 -4.161 -3.657 24.161 -29.687 111.359 60.239 52.56 3.58 2.014 4.115
20.958 -6.474 4.297 -4.202 -3.844 23.876 -29.246 111.539 61.26 52.379 3.578 2.011 4.115
20.959 -6.42 4.18 -4.242 -3.872 23.494 -28.899 111.6 62.04 52.44 3.575 2.012 4.114
20.972 -6.37 4.11 -4.287 -4.063 22.776 -28.606 111.6 62.879 52.2 3.572 2.012 4.114
21.003 -6.327 4.071 -4.304 -4.006 21.806 -28.431 111.359 64.439 53.16 3.57 2.017 4.112
21.018 -6.299 3.976 -4.364 -3.599 20.948 -28.383 110.939 65.22 52.62 3.565 2.025 4.106
21.033 -6.245 3.899 -4.395 -3.579 20.166 -28.145 111.239 65.4 52.44 3.56 2.036 4.097
21.078 -6.194 3.859 -4.441 -3.545 19.318 -27.822 111.539 65.58 52.619 3.555 2.053 4.087
21.079 -6.118 3.861 -4.452 -3.373 18.707 -27.367 111.839 66.6 52.44 3.55 2.063 4.078
21.093 -6.11 3.849 -4.511 -2.567 18.268 -26.821 111.839 67.68 52.44 3.545 2.063 4.073
21.123 -6.064 3.756 -4.594 -1.78 17.999 -26.161 112.679 68.4 52.319 3.541 2.063 4.07
21.137 -6.002 3.708 -4.65 -1.65 17.667 -25.419 112.859 69.78 52.019 3.539 2.062 4.068
21.152 -5.97 3.698 -4.694 -1.698 17.264 -24.379 113.22 70.5 51.66 3.538 2.057 4.063
21.182 -5.928 3.65 -4.74 -1.506 17.043 -22.964 113.759 70.92 51.719 3.536 2.051 4.053
21.198 -5.903 3.544 -4.815 -1.332 16.848 -21.401 114.0 70.56 51.0 3.536 2.044 4.048
21.213 -5.841 3.503 -4.874 -1.734 16.47 -19.531 115.08 71.4 50.879 3.534 2.035 4.046
21.243 -5.814 3.517 -4.924 -2.086 15.766 -17.441 115.14 72.42 50.94 3.531 2.022 4.05
21.258 -5.813 3.493 -4.973 -1.814 15.1 -15.39 114.96 72.96 50.999 3.529 2.004 4.054
21.272 -5.81 3.411 -5.047 -1.248 14.309 -13.448 114.84 73.32 50.879 3.527 1.989 4.056
21.303 -5.736 3.336 -5.084 -1.255 13.374 -11.595 115.679 73.799 50.76 3.526 1.976 4.058
21.317 -5.745 3.308 -5.126 -1.486 12.017 -10.127 115.139 74.34 50.339 3.523 1.966 4.059
21.332 -5.77 3.281 -5.179 -1.664 10.47 -8.722 116.16 74.4 49.92 3.522 1.957 4.06
21.363 -5.741 3.225 -5.214 -1.887 8.848 -7.42 116.219 74.58 49.14 3.52 1.95 4.064
21.378 -5.741 3.195 -5.245 -2.278 6.728 -6.406 115.919 74.4 48.72 3.519 1.945 4.072
21.392 -5.746 3.257 -5.227 -2.609 4.437 -5.62 116.16 74.4 48.0 3.515 1.941 4.08
21.422 -5.809 3.302 -5.218 -2.061 2.142 -4.917 115.38 74.7 48.06 3.513 1.938 4.086
21.438 -5.85 3.267 -5.236 -1.038 -0.022 -4.431 115.38 74.94 47.7 3.513 1.937 4.088
21.453 -5.888 3.262 -5.255 -0.729 -2.354 -4.016 115.5 74.7 46.86 3.512 1.935 4.088
21.483 -5.953 3.306 -5.255 -0.914 -4.636 -3.506 115.8 74.999 46.32 3.512 1.932 4.086
21.498 -6.039 3.326 -5.266 -0.649 -6.696 -3.017 115.379 74.699 46.5 3.51 1.93 4.08
21.513 -6.092 3.35 -5.261 -0.164 -8.207 -2.342 116.039 75.0 47.04 3.51 1.929 4.074
21.543 -6.147 3.382 -5.246 0.126 -9.25 -1.58 115.919 74.4 47.64 3.507 1.931 4.069
21.558 -6.228 3.428 -5.251 0.407 -9.982 -0.926 115.92 74.039 48.24 3.503 1.936 4.059
21.573 -6.299 3.437 -5.254 0.628 -10.299 -0.218 116.04 74.28 48.24 3.501 1.94 4.05
21.603 -6.34 3.39 -5.256 0.517 -10.454 0.715 116.46 74.939 48.78 3.502 1.943 4.043
21.618 -6.35 3.371 -5.235 -0.027 -10.529 1.577 116.76 74.52 48.96 3.503 1.946 4.039
21.634 -6.339 3.406 -5.189 -0.58 -10.406 2.312 117.239 74.519 49.68 3.505 1.95 4.037
21.663 -6.286 3.403 -5.119 -0.608 -10.263 3.103 116.88 74.759 50.279 3.506 1.957 4.037
21.678 -6.215 3.36 -5.042 -0.606 -10.352 3.806 115.979 74.58 50.94 3.507 1.965 4.039
21.693 -6.135 3.352 -4.945 -1.021 -10.735 4.465 116.039 74.52 51.12 3.51 1.97 4.044
21.723 -6.052 3.336 -4.833 -1.496 -11.457 4.997 115.679 74.52 51.239 3.514 1.974 4.047
21.738 -5.959 3.297 -4.702 -1.971 -12.587 5.492 115.38 74.82 51.3 3.519 1.978 4.05
21.752 -5.9 3.279 -4.562 -2.228 -14.122 6.026 114.96 74.88 52.319 3.525 1.979 4.059
21.785 -5.8 3.272 -4.411 -1.916 -15.48 6.583 115.319 75.24 53.159 3.529 1.979 4.071
21.797 -5.693 3.272 -4.263 -1.441 -16.8 7.118 114.78 74.339 53.46 3.531 1.979 4.079
21.813 -5.658 3.313 -4.135 -1.038 -18.418 7.635 114.54 73.62 54.179 3.531 1.979 4.085
21.843 -5.671 3.318 -4.052 -0.626 -20.154 8.267 113.639 73.32 53.76 3.532 1.977 4.092
21.858 -5.686 3.321 -3.968 -0.595 -21.78 9.032 113.46 73.02 54.179 3.536 1.978 4.098
21.873 -5.722 3.36 -3.898 -0.593 -23.423 10.014 113.88 72.48 54.959 3.538 1.984 4.102
21.903 -5.789 3.395 -3.852 -0.6 -25.278 11.535 114.12 72.36 55.439 3.539 1.99 4.109
21.918 -5.873 3.428 -3.826 -0.757 -27.17 13.518 113.34 71.82 55.859 3.539 1.998 4.113
21.948 -5.971 3.495 -3.823 -0.8 -28.753 15.664 112.98 71.22 56.46 3.54 2.003 4.117
21.962 -6.049 3.56 -3.826 -0.751 -29.987 18.311 113.1 70.859 56.1 3.541 2.008 4.122
21.977 -6.151 3.652 -3.833 -1.022 -31.444 21.592 112.32 69.24 56.76 3.541 2.012 4.12
21.993 -6.276 3.733 -3.864 -1.236 -32.819 25.031 111.78 68.7 57.54 3.544 2.015 4.12
22.023 -6.377 3.787 -3.887 -1.446 -33.57 28.388 111.18 68.34 57.779 3.546 2.017 4.121
22.038 -6.452 3.938 -3.84 -1.356 -33.559 31.885 111.72 66.6 58.919 3.549 2.017 4.121
22.053 -6.567 4.105 -3.825 -0.342 -33.116 35.914 111.84 65.4 59.399 3.551 2.012 4.121
22.082 -6.619 4.138 -3.848 0.981 -31.741 39.532 111.78 63.9 59.94 3.552 2.003 4.122
22.098 -6.665 4.219 -3.834 1.352 -29.64 42.165 110.939 61.259 60.059 3.553 1.995 4.123
22.112 -6.791 4.516 -3.78 1.431 -27.194 44.83 110.82 59.1 60.9 3.555 1.986 4.128
22.157 -6.894 4.779 -3.722 3.248 -23.888 47.716 110.76 57.72 61.08 3.556 1.978 4.13
22.159 -6.854 4.827 -3.709 5.875 -19.442 49.628 110.16 55.32 62.039 3.557 1.969 4.13
22.172 -6.808 4.845 -3.726 7.118 -14.976 50.448 110.04 54.239 61.44 3.558 1.962 4.131
22.203 -6.85 5.17 -3.65 6.87 -11.006 51.37 109.979 52.019 61.619 3.56 1.955 4.131
22.218 -6.865 5.472 -3.592 8.061 -6.583 52.555 110.22 49.859 61.379 3.562 1.951 4.129
22.232 -6.776 5.497 -3.626 10.209 -1.683 53.294 109.8 48.119 61.2 3.563 1.949 4.123
22.263 -6.623 5.46 -3.672 10.147 2.392 53.505 109.14 45.9 60.54 3.564 1.95 4.12
22.278 -6.552 5.761 -3.614 7.874 4.837 53.989 108.539 43.74 59.339 3.554 1.95 4.117
22.293 -6.513 6.095 -3.586 7.202 7.082 54.812 108.179 42.3 59.339 3.551 1.952 4.099
22.323 -6.323 6.117 -3.634 8.102 9.693 55.635 107.58 39.899 58.739 3.548 1.964 4.085
22.338 -6.095 6.061 -3.722 6.701 11.035 56.202 106.679 36.48 58.439 3.544 1.98 4.077
22.353 -5.984 6.308 -3.719 2.557 10.577 56.935 106.559 34.439 57.839 3.539 1.999 4.071
22.383 -5.948 6.709 -3.677 -0.468 9.797 57.775 106.8 31.919 58.44 3.533 2.017 4.065
22.397 -5.811 6.779 -3.741 -0.946 9.757 58.286 106.739 29.7 58.86 3.528 2.035 4.058
22.412 -5.614 6.776 -3.825 -2.381 9.387 58.356 106.319 27.24 59.16 3.524 2.05 4.052
22.443 -5.523 7.051 -3.838 -5.748 7.889 58.305 106.439 24.599 59.88 3.516 2.061 4.046
22.458 -5.463 7.44 -3.824 -7.664 6.742 58.087 106.8 21.84 61.44 3.509 2.068 4.032
22.473 -5.375 7.586 -3.893 -6.99 6.903 57.445 107.1 19.38 62.94 3.509 2.071 4.019
22.503 -5.238 7.661 -3.967 -6.558 7.325 56.659 107.16 16.799 63.239 3.503 2.072 4.021
22.518 -5.106 7.797 -4.021 -7.393 7.31 55.338 107.94 14.58 64.019 3.495 2.06 4.019
22.533 -5.042 8.034 -4.035 -8.175 7.47 53.49 109.32 13.08 64.919 3.49 2.044 4.017
22.563 -4.998 8.229 -4.083 -7.704 8.249 51.937 109.979 11.22 65.82 3.486 2.026 4.01
22.578 -4.849 8.273 -4.137 -7.017 9.964 50.78 109.8 9.0 66.6 3.482 2.01 4.005
22.593 -4.671 8.309 -4.195 -7.34 11.584 49.485 110.28 7.2 67.32 3.478 1.998 3.999
22.623 -4.573 8.48 -4.197 -8.271 12.76 48.243 111.359 4.92 68.4 3.472 1.989 3.993
22.638 -4.446 8.589 -4.227 -8.319 14.13 47.174 111.84 2.88 69.24 3.47 1.983 3.991
22.653 -4.291 8.628 -4.263 -8.235 15.793 46.104 112.5 1.14 70.26 3.468 1.977 3.994
22.683 -4.092 8.716 -4.268 -8.76 17.174 45.47 112.2 0.0 71.16 3.469 1.974 3.997
22.697 -3.91 8.843 -4.278 -9.349 17.921 45.081 113.52 -1.559 73.2 3.47 1.973 3.997
22.712 -3.725 9.004 -4.268 -9.236 18.596 44.606 114.239 -2.399 74.52 3.473 1.973 3.996
22.742 -3.438 9.152 -4.238 -8.099 19.083 44.093 114.239 -4.08 75.96 3.475 1.973 3.994
22.758 -3.2 9.221 -4.284 -6.295 18.689 43.209 113.88 -6.239 77.28 3.478 1.97 3.991
22.773 -3.001 9.286 -4.329 -4.874 17.556 42.038 114.3 -7.499 78.66 3.48 1.966 3.987
22.803 -2.795 9.383 -4.335 -3.993 15.897 40.68 114.599 -9.359 79.44 3.483 1.959 3.986
22.817 -2.584 9.411 -4.365 -3.418 13.508 39.236 114.359 -10.079 80.28 3.487 1.952 3.977
22.833 -2.399 9.412 -4.378 -3.418 10.469 37.601 113.639 -10.919 80.999 3.491 1.955 3.969
22.863 -2.221 9.401 -4.376 -3.693 7.084 35.645 113.04 -11.879 81.72 3.495 1.96 3.96
22.877 -2.07 9.359 -4.373 -4.262 3.414 33.367 113.4 -13.199 82.199 3.498 1.964 3.949
22.893 -1.943 9.274 -4.353 -5.196 -0.366 30.848 112.86 -14.459 82.38 3.501 1.97 3.935
22.923 -1.874 9.2 -4.319 -6.573 -4.144 28.396 112.5 -15.779 82.62 3.502 1.976 3.92
22.938 -1.899 9.139 -4.295 -8.08 -7.175 26.149 112.32 -16.919 83.039 3.504 1.982 3.903
22.952 -1.802 9.038 -4.19 -9.178 -8.837 23.945 112.559 -16.919 83.52 3.505 1.993 3.886
22.983 -1.725 8.931 -4.116 -9.913 -10.272 21.443 112.679 -17.4 83.52 3.506 2.005 3.875
22.998 -1.721 8.859 -4.06 -10.62 -11.368 18.959 112.979 -17.459 83.94 3.506 2.017 3.863
23.012 -1.719 8.846 -3.976 -11.035 -11.313 16.572 113.16 -18.359 83.88 3.505 2.026 3.865
23.043 -1.725 8.849 -3.893 -10.958 -10.301 14.46 114.059 -18.54 84.3 3.505 2.024 3.865
23.058 -1.723 8.869 -3.826 -10.187 -8.713 12.503 114.839 -19.08 83.88 3.505 2.021 3.868
23.073 -1.727 8.867 -3.788 -8.839 -6.782 10.565 115.259 -19.74 83.7 3.504 2.019 3.869