62.494 -0.943 9.51 -1.669 -0.42 -0.906 -1.612 140.28 -40.32 70.799 3.414 1.89 7.315
62.509 -0.947 9.515 -1.658 -0.402 -0.826 -1.525 140.16 -40.44 70.919 3.413 1.892 7.317
62.539 -0.95 9.509 -1.653 -0.316 -0.646 -1.441 140.34 -40.5 70.38 3.412 1.896 7.319
62.554 -0.951 9.491 -1.643 -0.312 -0.387 -1.38 140.16 -40.56 70.32 3.412 1.899 7.32
62.569 -0.96 9.491 -1.634 -0.483 -0.134 -1.367 139.859 -40.62 70.38 3.412 1.901 7.32
62.599 -0.975 9.505 -1.63 -0.568 0.151 -1.386 140.1 -40.74 70.14 3.413 1.901 7.318
62.614 -0.982 9.511 -1.626 -0.498 0.548 -1.417 140.1 -41.58 70.74 3.414 1.9 7.314
62.629 -0.982 9.508 -1.626 -0.417 0.89 -1.462 139.619 -41.58 70.86 3.415 1.9 7.31
62.659 -0.985 9.508 -1.627 -0.424 1.122 -1.515 139.92 -41.28 70.8 3.416 1.9 7.311
62.674 -0.993 9.504 -1.626 -0.512 1.341 -1.542 140.04 -41.399 70.919 3.416 1.9 7.31
62.689 -0.988 9.501 -1.625 -0.598 1.496 -1.587 140.219 -41.94 70.259 3.416 1.899 7.311
62.719 -0.983 9.496 -1.628 -0.661 1.58 -1.638 140.64 -42.239 70.32 3.416 1.895 7.315
62.734 -0.975 9.494 -1.624 -0.721 1.606 -1.661 140.579 -42.78 70.38 3.416 1.889 7.32
62.749 -0.973 9.511 -1.635 -0.743 1.554 -1.659 141.06 -43.14 70.979 3.415 1.884 7.318
62.779 -0.975 9.521 -1.645 -0.637 1.509 -1.654 142.38 -43.019 71.1 3.415 1.88 7.313
62.794 -0.968 9.508 -1.657 -0.582 1.425 -1.645 142.44 -42.72 71.52 3.413 1.877 7.31
62.809 -0.964 9.503 -1.659 -0.68 1.2 -1.651 142.08 -42.72 71.28 3.411 1.875 7.311
62.839 -0.968 9.51 -1.659 -0.759 0.921 -1.669 142.56 -43.08 71.28 3.41 1.874 7.31
62.854 -0.965 9.511 -1.658 -0.687 0.746 -1.651 142.44 -43.2 71.4 3.409 1.872 7.308
62.869 -0.958 9.504 -1.659 -0.529 0.581 -1.593 142.2 -42.84 71.64 3.408 1.87 7.31
62.899 -0.954 9.503 -1.657 -0.422 0.433 -1.516 142.5 -42.18 72.419 3.407 1.868 7.31
62.915 -0.959 9.499 -1.657 -0.409 0.332 -1.459 142.26 -41.82 72.3 3.407 1.867 7.307
62.929 -0.965 9.505 -1.657 -0.49 0.281 -1.473 142.26 -41.339 72.179 3.407 1.865 7.303
62.959 -0.97 9.503 -1.652 -0.581 0.321 -1.539 142.14 -41.1 71.58 3.407 1.865 7.306
62.975 -0.966 9.498 -1.645 -0.656 0.496 -1.564 141.359 -40.8 71.52 3.407 1.869 7.31
62.989 -0.959 9.495 -1.636 -0.677 0.797 -1.562 141.48 -41.28 71.52 3.406 1.874 7.312
63.019 -0.954 9.487 -1.634 -0.719 1.184 -1.555 141.899 -40.86 71.1 3.406 1.876 7.316
63.035 -0.951 9.483 -1.634 -0.838 1.573 -1.549 141.48 -40.44 71.039 3.406 1.878 7.32
63.05 -0.949 9.485 -1.638 -0.96 1.918 -1.567 142.08 -40.68 70.92 3.406 1.877 7.325
63.079 -0.95 9.493 -1.644 -1.016 2.254 -1.601 141.96 -41.64 70.799 3.405 1.877 7.326
63.095 -0.942 9.5 -1.646 -1.019 2.538 -1.619 142.56 -42.239 70.44 3.404 1.877 7.33
63.109 -0.938 9.503 -1.645 -0.952 2.726 -1.613 142.499 -42.539 70.38 3.402 1.89 7.334
63.138 -0.933 9.5 -1.641 -0.856 2.855 -1.569 142.14 -41.94 70.38 3.401 1.905 7.341
63.154 -0.929 9.5 -1.638 -0.824 2.896 -1.5 141.839 -41.999 70.559 3.399 1.92 7.345
63.169 -0.925 9.499 -1.631 -0.829 2.863 -1.451 141.78 -42.539 70.259 3.398 1.93 7.354
63.199 -0.928 9.504 -1.627 -0.863 2.805 -1.41 141.72 -42.36 70.8 3.397 1.94 7.361
63.214 -0.933 9.514 -1.631 -0.827 2.741 -1.361 141.9 -42.9 70.739 3.396 1.951 7.365
63.229 -0.929 9.521 -1.632 -0.76 2.764 -1.288 141.6 -43.32 71.039 3.395 1.962 7.367
63.259 -0.922 9.521 -1.629 -0.741 2.826 -1.263 141.06 -42.9 71.1 3.395 1.973 7.368
63.275 -0.92 9.521 -1.629 -0.783 2.857 -1.307 141.18 -42.419 71.1 3.395 1.983 7.371
63.289 -0.925 9.519 -1.631 -0.817 2.914 -1.377 140.459 -42.419 71.7 3.395 1.991 7.37
63.319 -0.914 9.516 -1.634 -0.83 3.041 -1.425 140.88 -41.76 72.48 3.395 1.984 7.368
63.334 -0.905 9.511 -1.644 -0.83 3.157 -1.463 141.0 -42.12 72.479 3.395 1.975 7.367
63.349 -0.921 9.505 -1.639 -0.775 3.241 -1.522 141.12 -42.719 72.479 3.396 1.964 7.369
63.379 -0.907 9.511 -1.631 -0.794 3.369 -1.586 140.999 -42.6 73.08 3.397 1.952 7.367
63.395 -0.897 9.508 -1.634 -0.767 3.426 -1.667 141.42 -42.66 72.419 3.399 1.94 7.366
63.409 -0.892 9.51 -1.631 -0.715 3.451 -1.777 141.06 -42.54 72.9 3.401 1.929 7.364
63.439 -0.882 9.501 -1.633 -0.648 3.457 -1.878 141.239 -42.96 72.72 3.402 1.918 7.363
63.454 -0.879 9.497 -1.631 -0.619 3.398 -1.948 141.359 -43.2 73.08 3.404 1.908 7.365
63.469 -0.872 9.498 -1.631 -0.612 3.321 -1.96 141.48 -43.2 73.08 3.405 1.9 7.369
63.499 -0.871 9.503 -1.635 -0.618 3.241 -1.955 141.66 -43.02 73.62 3.406 1.893 7.374
63.514 -0.875 9.506 -1.625 -0.623 3.158 -1.958 141.42 -43.14 73.5 3.407 1.888 7.38
63.529 -0.882 9.511 -1.622 -0.616 3.061 -1.974 141.9 -43.74 73.619 3.409 1.883 7.386
63.559 -0.866 9.515 -1.624 -0.631 2.991 -1.968 142.02 -43.38 74.1 3.41 1.88 7.39
63.575 -0.873 9.507 -1.639 -0.644 2.838 -1.959 142.26 -43.26 73.74 3.41 1.878 7.397
63.589 -0.875 9.506 -1.638 -0.778 2.706 -1.965 142.14 -43.14 74.34 3.411 1.876 7.4
63.619 -0.869 9.503 -1.63 -0.926 2.561 -1.989 142.079 -42.96 74.28 3.411 1.873 7.407
63.634 -0.877 9.506 -1.624 -0.967 2.375 -2.033 142.98 -42.3 74.579 3.411 1.872 7.413
63.649 -0.876 9.507 -1.616 -0.877 2.248 -2.087 143.64 -42.239 74.519 3.411 1.872 7.415
63.679 -0.877 9.499 -1.607 -0.744 2.184 -2.123 143.04 -42.6 74.639 3.411 1.873 7.417
63.695 -0.868 9.488 -1.596 -0.681 2.117 -2.161 142.98 -42.179 73.38 3.41 1.882 7.417
63.709 -0.865 9.493 -1.597 -0.714 1.944 -2.272 142.92 -42.48 73.32 3.41 1.889 7.418
63.739 -0.859 9.507 -1.594 -0.713 1.759 -2.399 142.92 -42.239 73.919 3.409 1.892 7.413
63.754 -0.854 9.515 -1.599 -0.625 1.57 -2.509 142.98 -41.94 73.619 3.408 1.894 7.391
63.769 -0.855 9.533 -1.594 -0.437 1.397 -2.664 142.559 -41.64 73.799 3.408 1.896 7.363
63.799 -0.852 9.576 -1.593 0.134 1.016 -3.22 142.32 -41.52 74.039 3.407 1.896 7.334
63.814 -0.903 9.608 -1.625 1.167 0.612 -4.209 142.44 -41.52 74.16 3.407 1.899 7.297
63.829 -0.893 9.6 -1.66 2.359 0.47 -5.622 141.48 -41.64 74.28 3.406 1.899 7.257
63.858 -0.933 9.584 -1.728 3.168 0.107 -7.161 140.459 -41.82 74.58 3.406 1.898 7.212
63.874 -0.929 9.623 -1.766 3.811 -0.154 -8.708 141.299 -41.7 74.46 3.406 1.895 7.17
63.889 -0.982 9.641 -1.854 5.212 -0.487 -10.337 140.64 -41.88 74.88 3.411 1.887 7.105
63.919 -1.004 9.584 -1.952 7.061 -0.5 -11.594 140.219 -40.86 74.58 3.413 1.882 6.994
63.934 -1.001 9.508 -2.076 8.464 -0.635 -12.657 139.56 -40.44 73.8 3.41 1.88 6.851
63.949 -1.062 9.488 -2.226 9.09 -1.048 -13.6 139.08 -39.84 73.44 3.407 1.877 6.705
63.979 -1.106 9.479 -2.403 9.261 -1.149 -14.025 139.08 -39.72 72.479 3.406 1.876 6.543
63.995 -1.109 9.455 -2.573 9.154 -0.616 -13.968 139.02 -39.42 71.46 3.401 1.874 6.382
64.009 -1.091 9.45 -2.741 9.206 -0.116 -13.506 138.9 -38.94 71.1 3.394 1.871 6.217
64.039 -1.11 9.48 -2.923 9.799 0.132 -12.478 138.78 -38.699 70.26 3.396 1.869 6.05
64.054 -1.111 9.496 -3.1 11.149 0.638 -11.231 138.72 -37.92 69.0 3.401 1.868 5.889
64.069 -1.11 9.455 -3.3 12.921 1.191 -9.992 138.18 -37.62 69.179 3.409 1.868 5.726
64.099 -1.101 9.45 -3.475 14.098 1.501 -8.632 138.3 -36.9 68.46 3.414 1.865 5.584
64.114 -1.126 9.549 -3.633 15.258 1.622 -7.451 137.579 -37.5 67.38 3.413 1.86 5.486
64.129 -1.161 9.66 -3.762 17.446 2.129 -6.406 137.94 -37.86 66.9 3.428 1.856 5.43
64.159 -1.119 9.703 -3.901 20.95 2.965 -5.394 137.82 -37.98 66.3 3.445 1.853 5.389
64.174 -1.094 9.736 -4.039 25.061 3.484 -4.731 137.579 -37.86 65.7 3.456 1.85 5.356
64.188 -1.137 9.733 -4.187 29.437 3.555 -4.082 137.16 -38.04 65.039 3.471 1.848 5.314
64.218 -1.105 9.712 -4.305 33.554 3.877 -3.424 136.98 -38.82 63.419 3.491 1.846 5.288
64.233 -1.139 9.721 -4.417 37.154 4.217 -3.025 136.74 -38.94 61.86 3.498 1.846 5.271
64.248 -1.137 9.755 -4.518 40.608 4.763 -2.552 136.619 -39.179 60.3 3.505 1.844 5.26
64.279 -1.194 9.774 -4.637 44.182 5.522 -1.942 136.679 -39.239 57.839 3.507 1.843 5.252
64.294 -1.193 9.782 -4.728 47.864 6.896 -1.384 137.04 -39.599 56.04 3.511 1.842 5.248
64.309 -1.184 9.74 -4.838 51.5 8.348 -0.909 137.339 -39.9 54.419 3.52 1.842 5.255
64.339 -1.206 9.686 -4.952 54.546 9.835 -0.401 137.219 -40.02 52.14 3.518 1.843 5.26
64.354 -1.228 9.64 -5.037 56.848 11.57 0.054 137.76 -40.68 49.44 3.516 1.843 5.265
64.369 -1.217 9.577 -5.092 59.119 13.6 0.4 138.359 -40.92 47.16 3.517 1.843 5.282
64.399 -1.187 9.523 -5.146 61.317 15.665 0.823 138.659 -41.58 44.58 3.514 1.842 5.299
64.414 -1.194 9.447 -5.217 63.335 17.601 1.325 138.719 -41.519 42.72 3.506 1.842 5.309
64.429 -1.149 9.351 -5.282 65.138 19.617 1.886 139.5 -41.339 40.26 3.513 1.846 5.309
64.459 -1.114 9.222 -5.36 66.79 21.238 2.393 140.1 -41.7 38.1 3.514 1.849 5.307
64.474 -1.046 9.115 -5.405 67.964 22.45 2.778 140.34 -42.06 36.66 3.505 1.852 5.301
64.489 -0.951 8.984 -5.482 68.934 23.162 3.269 140.82 -42.54 34.5 3.497 1.852 5.304
64.519 -0.917 8.838 -5.574 69.67 23.348 3.695 141.539 -43.26 31.859 3.492 1.852 5.295
64.534 -0.846 8.702 -5.673 70.363 23.274 4.261 142.319 -43.44 29.4 3.483 1.85 5.282
64.549 -0.745 8.537 -5.816 71.28 22.967 4.961 143.279 -43.559 27.6 3.484 1.851 5.279
64.578 -0.697 8.375 -5.989 71.922 21.957 5.58 143.519 -43.68 24.96 3.476 1.85 5.257
64.593 -0.657 8.245 -6.143 72.323 20.719 6.173 144.54 -43.62 22.74 3.469 1.85 5.245
64.608 -0.608 8.104 -6.324 72.55 19.454 6.93 145.44 -44.28 20.52 3.465 1.849 5.237
64.638 -0.595 7.955 -6.503 72.625 17.953 7.879 146.82 -45.3 18.54 3.448 1.844 5.234
64.654 -0.574 7.81 -6.647 72.757 16.685 8.947 148.619 -46.02 16.139 3.447 1.843 5.224
64.669 -0.526 7.624 -6.835 73.083 15.667 10.116 150.42 -46.62 13.379 3.46 1.84 5.207
64.699 -0.534 7.469 -7.003 73.303 14.722 11.243 151.68 -47.76 10.799 3.467 1.839 5.184
64.714 -0.502 7.293 -7.144 73.551 14.122 12.532 153.66 -48.3 8.7 3.474 1.838 5.162
64.729 -0.455 7.109 -7.257 73.941 13.814 13.464 155.4 -49.32 6.72 3.486 1.838 5.142
64.759 -0.439 6.923 -7.354 74.109 13.287 14.109 156.6 -49.92 4.68 3.485 1.838 5.101
64.774 -0.42 6.712 -7.402 74.096 12.92 14.851 159.359 -51.719 3.24 3.487 1.839 5.085
64.789 -0.39 6.473 -7.442 73.848 12.919 15.351 161.519 -52.2 1.199 3.498 1.841 5.082
64.819 -0.318 6.227 -7.446 73.38 13.187 15.918 164.459 -52.62 -0.9 3.502 1.842 5.069
64.834 -0.273 5.963 -7.465 72.772 13.237 16.463 166.079 -53.4 -2.639 3.507 1.842 5.057
64.849 -0.19 5.72 -7.495 71.777 13.161 16.724 167.64 -54.119 -4.68 3.506 1.84 5.057
64.879 -0.125 5.463 -7.526 70.436 12.819 16.803 169.62 -54.899 -6.42 3.506 1.838 5.071
64.894 -0.099 5.194 -7.566 68.541 12.474 16.935 172.38 -55.379 -7.62 3.51 1.837 5.081
64.909 -0.038 4.962 -7.608 66.417 12.54 17.163 174.48 -55.679 -8.76 3.509 1.835 5.072
64.938 0.078 4.739 -7.642 64.296 12.5 17.49 176.28 -56.159 -9.84 3.508 1.834 5.039
64.953 0.094 4.541 -7.728 62.753 12.129 17.511 178.26 -57.179 -11.219 3.502 1.832 5.023
64.968 0.107 4.325 -7.879 62.228 12.404 17.445 180.0 -57.72 -11.999 3.51 1.83 5.002
64.998 0.198 4.094 -8.024 61.869 13.014 17.625 181.92 -58.56 -13.439 3.506 1.828 4.964
65.013 0.237 3.893 -8.186 60.932 12.88 17.345 183.48 -58.919 -14.52 3.502 1.826 4.932
65.029 0.279 3.683 -8.351 59.825 12.867 16.603 185.579 -59.339 -15.419 3.492 1.823 4.915
65.059 0.341 3.489 -8.487 58.972 13.264 16.016 187.32 -59.879 -15.839 3.473 1.824 4.895
65.074 0.394 3.24 -8.613 58.559 13.593 15.674 189.18 -60.06 -16.74 3.46 1.825 4.876
65.089 0.471 3.001 -8.699 58.633 13.847 15.177 191.04 -60.6 -17.16 3.442 1.827 4.864
65.119 0.591 2.802 -8.744 58.498 13.842 14.759 193.2 -60.839 -18.24 3.438 1.829 4.879
65.134 0.623 2.586 -8.799 58.495 13.429 14.193 195.42 -60.9 -19.02 3.43 1.831 4.918
65.149 0.659 2.287 -8.804 58.113 13.28 13.582 197.88 -61.56 -19.8 3.435 1.831 4.959
65.179 0.802 2.043 -8.729 55.722 13.434 13.238 199.859 -61.26 -20.7 3.429 1.831 5.004
65.194 0.878 1.901 -8.666 52.967 12.871 12.631 201.54 -62.1 -20.7 3.425 1.832 5.016
65.209 0.886 1.657 -8.63 51.52 12.402 12.072 203.519 -62.159 -21.24 3.429 1.833 5.036
65.239 0.98 1.414 -8.506 50.141 12.834 11.844 205.679 -62.64 -21.6 3.441 1.834 5.048
65.254 1.023 1.266 -8.377 48.042 12.907 11.722 207.66 -63.059 -21.78 3.454 1.834 5.061
65.269 1.005 1.024 -8.341 45.857 12.827 11.251 209.82 -63.779 -22.26 3.461 1.833 5.069
65.299 1.101 0.834 -8.222 42.893 13.506 10.442 211.74 -64.379 -22.98 3.472 1.832 5.073
65.313 1.123 0.659 -8.204 39.812 13.641 9.37 213.239 -65.16 -22.68 3.469 1.83 5.053
65.328 1.157 0.449 -8.235 36.564 14.153 8.753 214.32 -65.519 -22.8 3.469 1.829 5.037
65.358 1.306 0.306 -8.215 33.075 14.816 8.9 215.459 -66.059 -22.26 3.47 1.828 5.015
65.373 1.346 0.239 -8.269 30.595 14.406 8.712 216.479 -66.84 -21.84 3.468 1.829 4.997
65.388 1.36 0.094 -8.328 29.225 14.282 8.558 217.679 -67.56 -21.6 3.465 1.828 5.007
65.419 1.461 -0.072 -8.35 28.002 14.406 8.702 218.519 -68.759 -20.759 3.465 1.828 5.004
65.434 1.563 -0.204 -8.393 26.457 13.647 8.729 219.0 -69.0 -20.16 3.465 1.828 5.002
65.449 1.625 -0.338 -8.423 25.061 12.337 8.412 220.139 -69.78 -19.74 3.462 1.828 4.99
65.479 1.677 -0.343 -8.35 24.006 11.138 8.366 220.5 -70.259 -19.02 3.455 1.827 4.971
65.494 1.699 -0.485 -8.386 23.591 9.666 8.522 221.16 -70.32 -18.36 3.45 1.825 4.948
65.509 1.71 -0.644 -8.312 22.731 8.398 8.343 221.76 -70.92 -17.999 3.444 1.824 4.942
65.539 1.712 -0.619 -8.161 21.707 6.67 7.898 222.54 -71.82 -17.7 3.434 1.823 4.929
65.555 1.649 -0.74 -8.127 21.387 5.292 7.074 223.019 -71.58 -17.58 3.425 1.822 4.927
65.569 1.671 -0.945 -8.032 20.286 4.68 6.219 224.16 -71.759 -17.4 3.418 1.821 4.925
65.599 1.694 -0.989 -7.893 17.751 3.434 5.362 225.18 -71.46 -17.339 3.418 1.821 4.927
65.614 1.663 -0.991 -7.782 15.362 2.37 4.071 225.6 -71.759 -17.759 3.414 1.821 4.93
65.629 1.607 -1.06 -7.741 13.27 1.825 2.885 226.92 -72.24 -17.639 3.413 1.821 4.931
65.659 1.615 -1.178 -7.733 10.8 1.754 1.853 226.739 -71.939 -17.699 3.415 1.821 4.934
65.674 1.651 -1.154 -7.749 7.772 1.465 0.628 227.22 -71.7 -17.58 3.417 1.821 4.941
65.689 1.666 -1.128 -7.795 5.089 1.067 -0.389 227.1 -72.3 -17.46 3.42 1.821 4.949
65.719 1.689 -1.152 -7.906 2.299 0.864 -1.287 227.7 -72.179 -17.82 3.424 1.821 4.968
65.734 1.677 -1.222 -8.021 -0.806 0.785 -2.278 227.639 -71.639 -17.88 3.43 1.821 4.973
65.749 1.697 -1.105 -8.005 -3.354 0.319 -3.1 227.939 -72.059 -17.82 3.432 1.821 4.973
65.779 1.69 -1.123 -8.024 -4.105 -0.477 -3.624 227.34 -71.819 -18.059 3.437 1.823 4.973
65.794 1.693 -1.302 -8.097 -5.229 -1.119 -4.239 226.92 -72.119 -18.119 3.44 1.823 4.978
65.809 1.715 -1.269 -8.094 -8.477 -2.213 -4.838 227.16 -71.759 -17.64 3.444 1.823 4.988
65.84 1.698 -1.106 -8.039 -11.343 -3.854 -5.597 226.68 -71.039 -18.24 3.443 1.822 4.983
65.869 1.635 -1.014 -7.99 -12.464 -5.526 -6.612 226.74 -70.979 -18.18 3.441 1.822 4.983
65.87 1.605 -1.077 -7.934 -13.419 -6.913 -7.655 226.379 -70.14 -18.659 3.441 1.823 4.983
65.899 1.535 -1.013 -7.811 -15.687 -8.48 -8.854 225.719 -69.359 -19.199 3.44 1.823 4.985
65.914 1.476 -0.883 -7.651 -17.597 -10.261 -10.038 224.4 -68.759 -18.6 3.44 1.823 4.971
65.929 1.384 -0.836 -7.54 -19.263 -12.021 -11.243 224.219 -68.46 -19.02 3.442 1.823 4.962
65.959 1.326 -0.811 -7.469 -22.525 -13.38 -12.545 223.08 -67.559 -20.16 3.442 1.823 4.953
65.974 1.258 -0.636 -7.394 -27.252 -14.871 -14.024 222.18 -67.499 -20.82 3.443 1.821 4.94
65.989 1.17 -0.378 -7.33 -31.377 -16.383 -15.385 221.519 -66.479 -21.36 3.443 1.82 4.929
66.019 1.066 -0.276 -7.358 -34.132 -17.678 -16.486 220.32 -66.0 -21.84 3.442 1.82 4.915
66.034 1.003 -0.208 -7.4 -37.49 -18.673 -17.522 218.519 -65.64 -22.08 3.44 1.821 4.913
66.049 0.934 -0.008 -7.433 -42.119 -19.915 -18.358 217.5 -64.98 -22.5 3.439 1.822 4.915
66.079 0.845 0.267 -7.442 -46.16 -21.306 -19.239 215.7 -64.979 -22.74 3.436 1.823 4.91
66.094 0.729 0.467 -7.516 -48.926 -22.609 -19.864 213.659 -64.499 -23.46 3.432 1.824 4.904
66.109 0.626 0.628 -7.615 -51.832 -23.562 -20.384 212.16 -64.08 -24.959 3.426 1.824 4.898
66.14 0.563 0.811 -7.706 -55.579 -24.607 -21.013 210.179 -63.66 -25.5 3.422 1.824 4.894
66.155 0.447 1.174 -7.727 -59.57 -25.862 -21.487 208.139 -63.66 -25.38 3.416 1.825 4.886
66.169 0.278 1.513 -7.808 -62.134 -26.694 -21.634 206.16 -63.0 -25.319 3.405 1.825 4.873
66.199 0.165 1.75 -7.862 -64.007 -26.577 -21.438 203.819 -62.58 -25.979 3.4 1.825 4.861
66.214 0.055 1.995 -7.907 -66.535 -26.178 -21.039 201.119 -61.44 -26.52 3.397 1.825 4.855
66.229 -0.075 2.329 -7.916 -69.57 -25.377 -20.645 199.019 -60.179 -26.939 3.395 1.826 4.848
66.26 -0.184 2.618 -7.926 -72.157 -23.991 -20.085 196.259 -59.46 -27.18 3.393 1.827 4.837
66.274 -0.258 2.869 -7.94 -74.914 -21.963 -19.384 193.739 -58.379 -27.18 3.392 1.83 4.83
66.289 -0.324 3.212 -7.942 -77.766 -19.861 -18.809 191.579 -56.94 -26.7 3.391 1.833 4.827
66.319 -0.379 3.581 -7.96 -80.15 -17.592 -18.022 188.76 -56.04 -25.68 3.391 1.838 4.833
66.334 -0.437 3.958 -7.969 -81.842 -15.205 -17.151 186.119 -55.08 -24.479 3.391 1.843 4.842
66.349 -0.464 4.242 -8.011 -82.701 -13.196 -16.193 183.66 -53.82 -23.22 3.394 1.847 4.844
66.379 -0.447 4.524 -8.019 -84.039 -11.447 -15.421 180.9 -53.22 -22.38 3.399 1.852 4.838
66.394 -0.439 4.829 -7.997 -85.683 -10.258 -15.041 178.079 -51.96 -20.639 3.399 1.856 4.824
66.409 -0.45 5.171 -7.955 -86.838 -9.844 -14.71 175.8 -51.36 -18.72 3.397 1.86 4.807
66.439 -0.456 5.469 -7.974 -87.364 -9.775 -14.331 172.8 -51.48 -16.079 3.396 1.862 4.783
66.454 -0.478 5.718 -7.986 -87.941 -9.736 -14.019 170.28 -51.0 -13.919 3.39 1.864 4.757
66.469 -0.522 6.023 -8.012 -88.722 -10.158 -13.576 168.18 -50.82 -11.579 3.384 1.864 4.74
66.499 -0.571 6.374 -7.974 -89.073 -10.729 -13.194 166.079 -50.88 -9.119 3.376 1.865 4.718
66.515 -0.68 6.702 -7.898 -88.016 -11.428 -12.729 164.4 -50.28 -6.839 3.375 1.865 4.689
66.529 -0.672 6.904 -7.833 -86.331 -11.42 -12.0 162.48 -49.559 -4.32 3.374 1.865 4.659
66.56 -0.699 7.121 -7.747 -85.648 -11.279 -11.735 160.2 -49.079 -2.399 3.375 1.865 4.644
66.574 -0.764 7.428 -7.613 -84.836 -11.572 -11.522 158.7 -48.059 0.3 3.379 1.866 4.643
66.589 -0.817 7.685 -7.542 -83.21 -11.606 -11.284 156.839 -48.119 2.88 3.379 1.866 4.635
66.619 -0.837 7.952 -7.429 -81.313 -10.866 -11.469 154.98 -47.699 5.34 3.379 1.865 4.628
66.634 -0.851 8.134 -7.276 -78.867 -10.445 -11.559 153.3 -47.1 7.5 3.38 1.865 4.63
66.649 -0.876 8.357 -7.127 -76.341 -10.469 -11.759 151.62 -46.5 9.66 3.387 1.864 4.635
66.679 -0.899 8.585 -6.939 -73.809 -10.29 -11.907 150.239 -46.56 12.36 3.393 1.862 4.624
66.694 -0.863 8.673 -6.774 -71.062 -10.057 -11.882 148.8 -46.68 14.639 3.408 1.859 4.623
66.709 -0.807 8.729 -6.613 -69.258 -10.249 -12.09 147.42 -46.86 16.5 3.417 1.857 4.627
66.739 -0.833 8.933 -6.387 -67.813 -11.151 -12.297 145.92 -46.68 19.2 3.426 1.855 4.643
66.755 -0.868 9.031 -6.239 -64.864 -12.072 -12.107 145.44 -46.32 21.72 3.425 1.852 4.65
66.769 -0.868 9.021 -6.117 -62.134 -12.195 -11.913 144.6 -46.2 23.639 3.429 1.851 4.669
66.799 -0.908 9.079 -5.943 -60.461 -12.367 -11.467 143.46 -45.42 25.98 3.441 1.849 4.706
66.814 -0.962 9.15 -5.761 -58.924 -13.046 -10.427 142.5 -45.54 27.779 3.453 1.848 4.742
66.829 -1.02 9.199 -5.615 -57.222 -13.412 -9.277 142.26 -45.54 29.579 3.464 1.847 4.78
66.858 -1.052 9.198 -5.472 -55.732 -13.051 -8.158 141.54 -44.82 31.619 3.474 1.847 4.817
66.874 -1.058 9.204 -5.311 -54.537 -12.679 -7.177 140.82 -44.1 33.179 3.489 1.847 4.859
66.889 -1.12 9.232 -5.174 -53.587 -12.413 -6.354 140.459 -42.78 35.099 3.494 1.848 4.894
66.92 -1.176 9.292 -5.035 -52.648 -11.546 -5.45 139.8 -42.119 37.32 3.495 1.848 4.936
66.936 -1.235 9.288 -4.963 -51.448 -10.167 -4.448 139.74 -42.059 38.7 3.49 1.848 4.977
66.949 -1.247 9.318 -4.821 -50.716 -8.43 -3.484 139.44 -41.76 40.56 3.492 1.849 5.012
66.979 -1.273 9.397 -4.667 -49.751 -7.233 -2.34 138.72 -41.519 43.199 3.488 1.85 5.026
66.995 -1.299 9.428 -4.536 -47.899 -6.192 -1.245 138.6 -41.76 45.12 3.48 1.851 5.011
67.009 -1.294 9.435 -4.423 -46.114 -4.559 -0.626 138.78 -41.58 47.459 3.469 1.85 4.995
67.039 -1.281 9.48 -4.291 -44.627 -3.033 -0.348 138.54 -40.62 49.379 3.463 1.852 4.989
67.054 -1.267 9.515 -4.168 -42.828 -2.205 -0.185 138.78 -40.98 51.299 3.456 1.855 4.987
67.069 -1.314 9.532 -4.066 -40.745 -1.741 -0.221 138.48 -41.04 53.519 3.44 1.859 5.001
67.099 -1.319 9.561 -3.936 -38.599 -1.145 -0.214 138.42 -41.58 55.26 3.425 1.862 5.014
67.114 -1.31 9.558 -3.826 -36.246 -0.834 -0.199 138.66 -41.339 57.42 3.43 1.865 5.025
67.129 -1.293 9.572 -3.676 -34.008 -0.891 -0.167 138.119 -41.16 58.92 3.443 1.866 5.03
67.159 -1.29 9.565 -3.557 -31.664 -1.308 -0.205 137.52 -41.28 60.48 3.458 1.867 5.036
67.174 -1.313 9.532 -3.463 -29.418 -1.824 -0.425 137.94 -40.98 61.019 3.472 1.867 5.039
67.189 -1.317 9.531 -3.365 -27.58 -2.211 -0.551 138.179 -40.86 61.739 3.464 1.866 5.07
67.219 -1.335 9.534 -3.255 -25.619 -2.821 -0.592 138.599 -40.559 62.879 3.461 1.867 5.105
67.235 -1.376 9.536 -3.131 -23.33 -3.425 -0.538 138.599 -40.8 63.719 3.461 1.866 5.124
67.249 -1.402 9.526 -3.024 -20.903 -3.745 -0.328 138.66 -40.62 64.979 3.469 1.864 5.141
67.279 -1.381 9.514 -2.916 -18.45 -3.741 -0.009 138.54 -39.899 65.46 3.485 1.861 5.153
67.295 -1.392 9.512 -2.839 -16.168 -3.879 0.27 138.239 -39.239 66.0 3.496 1.858 5.17
67.309 -1.387 9.506 -2.745 -14.05 -4.009 0.467 138.359 -39.0 66.119 3.505 1.856 5.179
67.339 -1.418 9.487 -2.675 -12.175 -4.229 0.291 138.66 -38.94 66.539 3.51 1.855 5.176
67.354 -1.429 9.47 -2.601 -10.593 -4.211 -0.077 138.959 -37.92 67.2 3.517 1.854 5.18
67.369 -1.427 9.461 -2.502 -9.262 -3.99 -0.531 138.54 -37.62 67.5 3.522 1.853 5.198
67.399 -1.429 9.447 -2.417 -8.0 -3.835 -1.155 138.78 -37.26 68.82 3.54 1.852 5.214
67.414 -1.435 9.433 -2.327 -6.796 -3.643 -1.742 138.359 -36.839 68.88 3.551 1.85 5.229
67.429 -1.427 9.404 -2.274 -5.748 -3.445 -2.106 138.06 -36.78 69.419 3.551 1.85 5.248
67.459 -1.426 9.393 -2.196 -4.89 -3.209 -2.365 138.18 -36.54 69.06 3.543 1.849 5.261
67.475 -1.454 9.379 -2.141 -4.205 -3.017 -2.587 137.579 -37.14 69.299 3.532 1.851 5.261
67.489 -1.448 9.359 -2.075 -3.603 -2.643 -2.794 137.579 -37.379 69.539 3.528 1.853 5.256
67.519 -1.483 9.358 -2.033 -3.201 -2.295 -2.963 137.22 -37.26 69.539 3.515 1.855 5.255
67.534 -1.487 9.367 -1.992 -2.756 -1.665 -2.911 137.16 -37.08 69.479 3.494 1.856 5.259
67.549 -1.474 9.371 -1.956 -2.336 -1.049 -2.815 136.98 -38.099 69.419 3.474 1.855 5.273
67.579 -1.47 9.375 -1.934 -1.9 -0.532 -2.763 136.799 -38.4 69.72 3.457 1.854 5.286
67.595 -1.472 9.393 -1.91 -1.385 -0.014 -2.718 135.839 -38.16 68.52 3.45 1.853 5.291
67.609 -1.462 9.399 -1.913 -0.802 0.493 -2.633 135.6 -38.16 68.4 3.446 1.853 5.291
67.639 -1.451 9.425 -1.902 -0.297 0.968 -2.622 135.6 -37.919 68.52 3.445 1.853 5.277
67.654 -1.444 9.447 -1.896 0.277 1.284 -2.635 135.0 -37.56 68.88 3.443 1.854 5.264
67.669 -1.427 9.442 -1.888 0.958 1.489 -2.616 136.02 -37.379 68.46 3.443 1.853 5.255
67.699 -1.429 9.433 -1.888 1.435 1.458 -2.623 136.44 -37.32 68.52 3.444 1.852 5.255
67.714 -1.403 9.43 -1.874 1.834 1.346 -2.749 136.44 -37.2 68.639 3.444 1.85 5.261
67.729 -1.382 9.413 -1.869 2.276 0.96 -2.941 135.959 -36.959 68.88 3.451 1.851 5.275
67.759 -1.403 9.402 -1.856 2.706 0.432 -2.977 135.9 -36.42 68.46 3.456 1.853 5.287
67.774 -1.413 9.407 -1.833 3.006 0.013 -2.828 136.32 -36.119 68.52 3.461 1.856 5.294
67.789 -1.43 9.395 -1.816 3.252 -0.304 -2.546 137.04 -36.839 68.88 3.467 1.858 5.314
67.819 -1.43 9.364 -1.787 3.384 -0.519 -2.238 136.979 -37.019 68.699 3.473 1.861 5.332
67.834 -1.439 9.331 -1.758 3.304 -0.727 -1.988 137.399 -37.199 68.28 3.481 1.863 5.365
67.849 -1.476 9.312 -1.741 2.934 -0.845 -1.772 137.7 -37.86 67.98 3.49 1.863 5.404
67.878 -1.492 9.323 -1.718 2.345 -0.628 -1.545 137.28 -37.559 68.28 3.499 1.873 5.449
67.895 -1.504 9.324 -1.706 1.893 -0.16 -1.287 137.1 -37.62 68.22 3.504 1.882 5.486
67.909 -1.537 9.315 -1.69 1.461 0.458 -0.94 137.1 -38.219 68.22 3.503 1.892 5.516
67.939 -1.578 9.32 -1.682 0.964 1.388 -0.593 137.7 -37.98 67.979 3.502 1.901 5.547
67.954 -1.579 9.323 -1.695 0.5 2.668 -0.445 137.579 -37.739 68.34 3.499 1.911 5.573
67.969 -1.577 9.318 -1.714 0.114 3.948 -0.507 137.16 -37.56 68.52 3.494 1.923 5.599
67.999 -1.572 9.328 -1.742 -0.213 5.005 -0.713 137.339 -36.9 68.58 3.49 1.935 5.62
68.014 -1.581 9.355 -1.771 -0.401 5.927 -0.983 136.98 -36.66 68.58 3.483 1.947 5.639
68.029 -1.569 9.363 -1.805 -0.328 6.79 -1.222 136.5 -36.54 69.059 3.471 1.961 5.644
68.059 -1.529 9.348 -1.85 -0.156 7.429 -1.442 135.72 -36.239 69.0 3.459 1.972 5.644
68.074 -1.513 9.339 -1.9 -0.064 7.519 -1.704 135.36 -36.12 69.119 3.448 1.973 5.649
68.089 -1.503 9.331 -1.929 -0.119 7.241 -1.899 134.579 -36.059 69.3 3.437 1.973 5.658
68.119 -1.479 9.352 -1.956 -0.163 6.758 -2.046 134.76 -35.64 69.479 3.43 1.971 5.668
68.134 -1.449 9.361 -1.968 -0.036 6.124 -2.087 134.82 -36.18 70.02 3.421 1.968 5.679
68.149 -1.437 9.36 -1.962 0.187 5.379 -1.838 135.239 -37.199 69.96 3.412 1.961 5.696
68.179 -1.402 9.339 -1.955 0.274 4.735 -1.395 135.48 -37.8 69.96 3.404 1.951 5.71
68.194 -1.392 9.318 -1.946 -0.012 4.148 -0.896 135.359 -37.92 69.96 3.394 1.94 5.72
68.209 -1.375 9.321 -1.931 -0.51 3.731 -0.316 135.48 -38.16 70.32 3.388 1.927 5.738
68.239 -1.364 9.335 -1.919 -0.932 3.511 0.259 135.54 -38.459 70.14 3.392 1.913 5.77
68.254 -1.36 9.35 -1.897 -1.182 3.54 0.782 135.96 -38.399 70.679 3.392 1.901 5.807
68.269 -1.349 9.355 -1.879 -1.322 3.838 1.282 136.14 -38.58 70.38 3.395 1.889 5.84
68.299 -1.327 9.361 -1.872 -1.422 4.319 1.632 136.26 -38.82 70.619 3.399 1.878 5.867
68.315 -1.297 9.359 -1.873 -1.548 4.806 1.815 136.2 -38.64 71.039 3.403 1.87 5.894
68.329 -1.28 9.368 -1.884 -1.741 5.023 1.845 136.019 -38.819 70.5 3.406 1.862 5.912
68.359 -1.279 9.392 -1.903 -1.777 4.958 1.633 136.079 -38.16 70.56 3.409 1.857 5.921
68.374 -1.295 9.415 -1.924 -1.441 4.683 1.294 135.9 -38.219 70.74 3.414 1.852 5.932
68.389 -1.282 9.416 -1.931 -0.859 4.322 0.93 135.54 -38.339 70.74 3.419 1.848 5.948
68.419 -1.272 9.421 -1.935 -0.359 3.617 0.524 135.479 -37.679 70.919 3.424 1.845 5.964
68.434 -1.281 9.425 -1.945 -0.018 2.692 0.125 135.539 -37.619 71.22 3.42 1.843 5.977
68.449 -1.281 9.419 -1.953 0.222 1.736 -0.251 135.9 -37.619 70.619 3.422 1.842 5.988
68.479 -1.288 9.407 -1.949 0.369 0.677 -0.603 136.68 -38.039 71.28 3.421 1.841 5.992
68.494 -1.299 9.411 -1.944 0.516 -0.377 -0.807 137.399 -38.039 71.039 3.416 1.84 5.999
68.51 -1.324 9.403 -1.945 0.894 -1.306 -0.939 137.459 -38.22 70.5 3.405 1.84 6.007
68.539 -1.327 9.384 -1.945 1.379 -1.967 -1.034 137.28 -37.919 71.039 3.404 1.84 6.023
68.554 -1.325 9.353 -1.951 1.615 -2.506 -1.104 136.979 -37.5 70.859 3.403 1.839 6.039
68.569 -1.316 9.344 -1.942 1.545 -2.959 -1.177 137.099 -37.14 70.379 3.395 1.838 6.059
68.599 -1.324 9.346 -1.944 1.5 -3.296 -1.273 137.16 -37.68 69.96 3.39 1.836 6.08
68.614 -1.328 9.323 -1.957 1.52 -3.283 -1.333 137.64 -38.16 69.359 3.384 1.835 6.101