18.704 2.916 -7.75 5.985 0.764 -2.907 -1.707 330.36 -56.279 30.359 4.113 1.482 5.807
18.719 2.929 -7.739 5.992 1.028 -3.081 -1.438 330.48 -56.159 30.24 4.113 1.482 5.807
18.749 2.937 -7.747 6.001 1.391 -3.038 -1.262 330.42 -55.739 30.419 4.113 1.482 5.808
18.764 2.939 -7.759 6.009 1.505 -2.83 -1.151 330.12 -55.56 30.24 4.113 1.482 5.811
18.779 2.933 -7.767 5.996 1.189 -2.472 -0.974 329.76 -55.32 30.359 4.113 1.481 5.814
18.809 2.921 -7.745 5.989 0.657 -2.036 -0.764 329.219 -55.26 29.58 4.113 1.481 5.817
18.824 2.916 -7.72 5.989 0.226 -1.5 -0.645 328.98 -55.98 29.939 4.113 1.48 5.82
18.839 2.914 -7.715 5.969 -0.088 -0.974 -0.716 328.2 -55.92 29.879 4.113 1.48 5.821
18.869 2.906 -7.706 5.958 -0.442 -0.558 -0.945 327.96 -55.92 29.88 4.113 1.479 5.821
18.884 2.889 -7.706 5.943 -0.68 -0.253 -1.28 327.659 -55.739 30.18 4.114 1.479 5.823
18.899 2.889 -7.714 5.94 -0.939 0.018 -1.599 327.539 -55.38 30.66 4.115 1.479 5.824
18.93 2.888 -7.723 5.933 -1.193 0.216 -1.924 327.6 -55.08 30.839 4.116 1.478 5.825
18.959 2.898 -7.732 5.929 -1.345 0.389 -2.241 327.959 -55.8 29.76 4.116 1.478 5.827
18.96 2.908 -7.745 5.927 -1.268 0.51 -2.584 328.08 -56.28 30.0 4.116 1.477 5.829
18.989 2.931 -7.76 5.941 -1.038 0.595 -2.95 328.499 -56.339 29.339 4.116 1.478 5.832
19.004 2.949 -7.771 5.955 -0.639 0.645 -3.21 329.039 -55.92 29.759 4.115 1.477 5.836
19.019 2.962 -7.795 5.951 -0.147 0.591 -3.336 329.159 -55.08 29.159 4.114 1.477 5.841
19.049 2.971 -7.805 5.958 0.195 0.447 -3.28 329.4 -54.839 29.159 4.114 1.477 5.846
19.079 2.978 -7.802 5.952 0.345 0.232 -2.987 329.759 -55.2 29.04 4.113 1.478 5.851
19.08 2.978 -7.776 5.951 0.441 -0.002 -2.506 330.119 -55.08 28.44 4.112 1.478 5.855
19.109 2.989 -7.765 5.941 0.693 -0.234 -1.978 330.479 -55.08 28.2 4.111 1.478 5.859
19.124 2.995 -7.743 5.94 0.854 -0.507 -1.493 330.36 -55.559 28.079 4.109 1.478 5.863
19.139 2.979 -7.712 5.93 0.902 -0.829 -1.097 330.36 -55.319 28.439 4.108 1.479 5.867
19.17 2.973 -7.671 5.929 0.919 -1.096 -0.692 330.479 -55.08 28.32 4.108 1.48 5.87
19.184 2.963 -7.647 5.923 1.006 -1.248 -0.264 330.78 -54.9 28.5 4.107 1.479 5.871
19.199 2.957 -7.672 5.916 0.791 -1.296 0.13 330.659 -55.26 28.02 4.107 1.48 5.873
19.229 2.946 -7.67 5.923 0.012 -1.264 0.519 330.24 -55.2 27.72 4.107 1.482 5.875
19.244 2.932 -7.645 5.924 -0.789 -1.111 0.87 330.78 -55.5 27.659 4.107 1.482 5.877
19.259 2.927 -7.627 5.93 -1.238 -0.812 0.988 330.179 -54.659 28.26 4.108 1.483 5.879
19.289 2.938 -7.631 5.946 -1.429 -0.51 0.783 330.6 -54.719 28.44 4.108 1.484 5.881
19.304 2.935 -7.655 5.949 -1.537 -0.26 0.338 330.479 -54.6 28.56 4.108 1.484 5.883
19.319 2.933 -7.671 5.957 -1.696 -0.012 -0.158 330.719 -54.0 27.959 4.108 1.485 5.885
19.349 2.929 -7.692 5.965 -1.678 0.257 -0.587 330.3 -53.819 28.139 4.108 1.485 5.886
19.364 2.932 -7.757 5.963 -1.605 0.577 -0.883 329.999 -53.52 27.96 4.109 1.485 5.888
19.379 2.932 -7.796 5.96 -1.893 0.761 -1.094 329.699 -53.339 28.26 4.109 1.486 5.889
19.409 2.916 -7.767 5.953 -2.133 0.794 -1.305 329.94 -53.46 27.9 4.11 1.486 5.89
19.424 2.918 -7.767 5.937 -1.787 0.811 -1.57 330.3 -53.459 28.139 4.11 1.486 5.891
19.439 2.933 -7.791 5.932 -1.293 0.681 -1.917 330.12 -52.559 28.2 4.111 1.486 5.891
19.47 2.93 -7.81 5.919 -1.001 0.351 -2.248 330.36 -53.04 27.84 4.111 1.486 5.89
19.484 2.922 -7.82 5.9 -0.888 0.002 -2.398 329.699 -52.86 27.78 4.111 1.487 5.889
19.499 2.915 -7.811 5.891 -0.886 -0.325 -2.332 329.64 -53.04 27.72 4.111 1.488 5.89
19.529 2.913 -7.814 5.871 -0.809 -0.624 -2.161 329.34 -52.98 27.78 4.111 1.488 5.89
19.544 2.925 -7.817 5.862 -0.832 -0.905 -2.041 329.58 -53.339 27.419 4.111 1.488 5.889
19.559 2.924 -7.779 5.858 -0.881 -1.245 -2.087 329.58 -53.339 27.54 4.111 1.489 5.888
19.589 2.933 -7.758 5.857 -0.569 -1.538 -2.249 329.039 -53.52 27.24 4.111 1.489 5.887
19.604 2.963 -7.779 5.864 -0.164 -1.77 -2.477 328.439 -53.04 27.36 4.11 1.49 5.886
19.619 2.976 -7.795 5.876 -0.029 -1.954 -2.702 328.08 -53.04 27.72 4.11 1.49 5.885
19.649 2.989 -7.811 5.888 -0.037 -2.058 -2.811 328.08 -53.76 27.359 4.109 1.491 5.883
19.664 3.019 -7.831 5.906 -0.013 -1.993 -2.842 328.2 -53.52 27.0 4.109 1.492 5.883
19.679 3.057 -7.868 5.93 -0.062 -1.878 -2.934 328.08 -53.4 27.119 4.11 1.492 5.882
19.709 3.087 -7.904 5.964 -0.15 -1.779 -3.187 328.14 -53.339 27.18 4.11 1.492 5.879
19.724 3.121 -7.931 5.999 -0.089 -1.661 -3.562 328.26 -53.46 27.3 4.11 1.493 5.878
19.739 3.164 -7.953 6.037 0.237 -1.581 -4.003 327.96 -53.159 27.72 4.11 1.494 5.877
19.769 3.22 -7.999 6.082 0.642 -1.519 -4.501 328.08 -53.519 27.24 4.11 1.494 5.877
19.784 3.269 -8.042 6.136 1.045 -1.483 -4.995 328.74 -53.58 26.939 4.11 1.494 5.879
19.799 3.311 -8.08 6.183 1.569 -1.37 -5.37 329.1 -53.819 27.419 4.11 1.495 5.882
19.829 3.35 -8.131 6.235 2.141 -1.215 -5.605 329.1 -53.94 27.299 4.11 1.496 5.884
19.844 3.37 -8.192 6.279 2.468 -0.957 -5.725 328.5 -53.819 27.78 4.11 1.498 5.888
19.859 3.394 -8.204 6.322 2.427 -0.719 -5.687 328.02 -54.06 27.659 4.11 1.499 5.891
19.889 3.439 -8.211 6.359 2.502 -0.589 -5.644 327.719 -54.36 27.839 4.11 1.499 5.899
19.904 3.492 -8.217 6.373 2.605 -0.641 -5.79 328.32 -54.36 27.6 4.11 1.5 5.906
19.919 3.517 -8.231 6.381 2.593 -0.882 -6.193 328.38 -54.78 27.659 4.11 1.5 5.911
19.949 3.508 -8.235 6.384 2.461 -1.241 -6.77 328.26 -54.66 27.18 4.111 1.501 5.918
19.964 3.485 -8.234 6.373 2.318 -1.496 -7.406 327.719 -54.48 27.12 4.112 1.501 5.925
19.979 3.445 -8.239 6.337 2.084 -1.551 -8.067 326.88 -54.48 27.24 4.112 1.501 5.93
20.009 3.405 -8.222 6.297 1.807 -1.474 -8.755 325.86 -54.9 27.3 4.114 1.5 5.935
20.024 3.382 -8.177 6.246 1.877 -1.313 -9.613 325.74 -55.379 27.66 4.115 1.499 5.94
20.039 3.388 -8.123 6.197 2.464 -1.178 -10.782 325.62 -55.62 27.54 4.116 1.497 5.944
20.069 3.378 -8.132 6.151 3.47 -1.137 -12.264 325.26 -55.619 27.419 4.117 1.495 5.947
20.084 3.345 -8.104 6.12 4.406 -1.111 -13.68 324.78 -55.86 27.18 4.118 1.493 5.948
20.099 3.316 -8.078 6.112 5.64 -0.987 -14.806 323.099 -56.58 27.419 4.119 1.491 5.949
20.129 3.331 -8.092 6.112 7.068 -0.806 -15.634 322.14 -56.939 27.899 4.12 1.489 5.95
20.144 3.344 -8.112 6.112 8.044 -0.714 -16.113 321.96 -57.84 28.439 4.121 1.487 5.948
20.159 3.368 -8.058 6.122 8.761 -0.87 -16.238 321.66 -58.02 28.74 4.121 1.486 5.944
20.189 3.456 -8.025 6.158 9.844 -1.347 -16.177 321.54 -58.379 29.459 4.121 1.485 5.942
20.204 3.544 -8.018 6.203 10.693 -2.311 -16.051 321.179 -58.5 29.579 4.12 1.485 5.94
20.22 3.59 -7.978 6.251 10.91 -3.706 -15.595 320.579 -58.26 29.339 4.12 1.485 5.937
20.249 3.636 -7.922 6.299 11.054 -5.258 -14.596 319.979 -57.899 29.22 4.119 1.485 5.934
20.264 3.709 -7.877 6.344 11.444 -6.874 -13.18 319.62 -58.26 29.58 4.118 1.485 5.933
20.279 3.787 -7.842 6.38 11.673 -8.606 -11.491 319.26 -58.619 29.939 4.118 1.485 5.931
20.309 3.854 -7.769 6.425 11.656 -10.499 -9.735 319.2 -58.08 29.759 4.118 1.486 5.928
20.325 3.892 -7.667 6.461 11.727 -12.407 -7.923 319.14 -58.379 29.82 4.118 1.487 5.926
20.339 3.939 -7.561 6.482 12.132 -14.03 -6.146 318.659 -58.499 29.459 4.117 1.489 5.925
20.369 3.984 -7.529 6.494 12.68 -15.319 -4.379 317.88 -58.44 29.28 4.116 1.489 5.926
20.384 3.941 -7.475 6.491 12.713 -16.156 -2.48 317.28 -58.2 28.439 4.117 1.49 5.926
20.399 3.898 -7.364 6.479 12.606 -16.206 -0.409 317.159 -57.839 28.32 4.119 1.489 5.926
20.429 3.919 -7.279 6.477 12.652 -15.615 1.695 316.979 -58.5 27.9 4.12 1.489 5.926
20.444 3.946 -7.196 6.492 12.481 -14.747 3.724 317.159 -59.28 27.48 4.121 1.488 5.926
20.459 3.958 -7.091 6.482 12.009 -13.787 5.544 317.52 -59.279 27.36 4.122 1.487 5.923
20.489 3.94 -6.984 6.48 11.714 -12.712 6.853 317.46 -59.339 27.179 4.123 1.487 5.92
20.504 3.917 -6.928 6.465 11.866 -11.374 7.866 317.4 -59.4 27.119 4.123 1.486 5.919
20.519 3.901 -6.898 6.431 11.977 -9.83 8.778 317.28 -58.679 26.52 4.123 1.486 5.919
20.549 3.881 -6.848 6.411 11.663 -8.398 9.565 317.88 -58.319 26.52 4.124 1.484 5.917
20.564 3.798 -6.78 6.402 11.418 -6.976 10.18 318.9 -58.5 27.06 4.126 1.483 5.916
20.579 3.798 -6.74 6.397 11.375 -5.482 10.731 319.08 -59.159 27.72 4.126 1.482 5.914
20.61 3.806 -6.723 6.396 11.099 -4.401 11.115 319.56 -59.52 28.079 4.125 1.482 5.912
20.624 3.76 -6.782 6.403 10.967 -3.64 11.161 319.62 -59.58 28.619 4.125 1.482 5.911
20.639 3.723 -6.832 6.394 10.675 -2.838 11.129 319.8 -59.519 29.4 4.126 1.482 5.912
20.669 3.685 -6.842 6.408 10.268 -1.944 11.073 319.32 -59.279 29.759 4.127 1.482 5.914
20.684 3.654 -6.89 6.436 10.086 -0.848 11.17 319.979 -59.219 30.059 4.127 1.481 5.918
20.699 3.64 -6.94 6.44 9.551 0.556 11.658 320.999 -59.64 30.839 4.128 1.481 5.919
20.729 3.619 -6.974 6.446 8.261 1.887 12.312 321.179 -59.459 31.499 4.129 1.481 5.922
20.745 3.579 -6.97 6.472 6.708 3.245 12.97 321.599 -59.279 32.04 4.13 1.481 5.927
20.759 3.567 -6.972 6.483 5.365 4.782 13.643 322.019 -58.98 32.58 4.13 1.482 5.931
20.79 3.536 -6.956 6.478 4.1 6.232 14.129 322.38 -58.86 33.18 4.131 1.482 5.935
20.805 3.456 -6.928 6.47 3.453 7.525 14.245 323.099 -58.5 33.419 4.131 1.482 5.939
20.819 3.402 -6.85 6.455 3.439 8.89 14.139 323.94 -58.259 34.62 4.131 1.483 5.941
20.849 3.349 -6.771 6.423 4.016 9.91 13.516 323.94 -57.66 34.98 4.131 1.485 5.943
20.864 3.251 -6.71 6.402 4.996 10.583 12.646 324.66 -57.9 35.82 4.131 1.486 5.945
20.879 3.141 -6.714 6.38 6.447 11.036 11.972 325.26 -57.54 36.54 4.131 1.488 5.943
20.909 3.07 -6.726 6.388 7.483 11.059 11.628 325.14 -57.18 36.78 4.132 1.49 5.938
20.924 3.01 -6.706 6.433 7.926 10.605 11.823 326.34 -57.779 37.74 4.133 1.491 5.928
20.939 2.96 -6.727 6.49 8.238 9.84 12.77 326.219 -57.9 38.7 4.135 1.492 5.916
20.969 2.919 -6.796 6.51 8.078 8.632 14.216 326.159 -57.599 39.6 4.136 1.492 5.905
20.984 2.82 -6.816 6.533 7.409 7.197 15.812 327.12 -57.0 40.08 4.138 1.492 5.894
20.999 2.771 -6.842 6.58 6.683 5.922 17.506 327.659 -57.18 41.46 4.139 1.493 5.881
21.029 2.749 -6.827 6.62 5.425 4.651 19.098 328.499 -56.7 41.46 4.14 1.493 5.867
21.044 2.655 -6.819 6.676 3.932 3.663 20.325 330.059 -57.06 42.42 4.14 1.492 5.853
21.06 2.556 -6.868 6.678 2.613 3.453 21.032 330.96 -56.64 42.96 4.14 1.492 5.843
21.089 2.488 -6.835 6.675 0.708 3.758 21.242 331.38 -56.58 43.019 4.14 1.491 5.837
21.104 2.385 -6.804 6.677 -1.271 4.214 20.39 332.1 -56.219 43.98 4.139 1.491 5.834
21.119 2.284 -6.715 6.682 -2.927 5.235 18.489 332.64 -55.32 44.04 4.138 1.49 5.836
21.149 2.239 -6.657 6.677 -3.796 6.664 15.483 333.359 -55.32 44.399 4.136 1.491 5.838
21.164 2.177 -6.589 6.687 -4.619 8.389 11.48 334.2 -55.2 44.519 4.134 1.492 5.836
21.179 2.122 -6.565 6.673 -5.284 10.595 6.885 334.38 -54.9 45.54 4.132 1.492 5.835
21.209 2.038 -6.536 6.633 -5.924 13.371 2.299 334.8 -54.24 45.239 4.13 1.492 5.84
21.224 1.989 -6.454 6.643 -6.202 16.866 -1.964 334.92 -54.48 45.599 4.129 1.492 5.848
21.239 2.033 -6.514 6.665 -5.451 20.635 -5.793 334.919 -54.239 46.319 4.128 1.493 5.853
21.269 2.145 -6.532 6.735 -5.432 23.945 -8.873 334.68 -54.839 46.8 4.126 1.497 5.846
21.284 2.237 -6.506 6.785 -5.796 26.452 -11.486 334.56 -55.08 47.76 4.125 1.5 5.821
21.299 2.318 -6.497 6.821 -5.799 28.409 -13.161 334.32 -55.56 48.72 4.124 1.501 5.776
21.329 2.416 -6.541 6.813 -5.773 29.534 -13.685 333.6 -56.4 49.92 4.122 1.502 5.717
21.359 2.484 -6.488 6.798 -6.332 29.822 -13.217 333.479 -56.04 50.519 4.12 1.502 5.647
21.36 2.56 -6.42 6.782 -5.99 29.31 -11.969 333.48 -56.64 51.839 4.118 1.502 5.578
21.389 2.646 -6.411 6.793 -4.677 28.02 -10.002 333.3 -57.299 52.379 4.115 1.503 5.503
21.404 2.755 -6.466 6.826 -3.327 25.592 -7.588 332.64 -58.319 53.52 4.112 1.503 5.43
21.419 2.792 -6.562 6.85 -2.61 21.734 -4.796 332.28 -58.32 54.12 4.11 1.504 5.358
21.449 2.757 -6.594 6.856 -2.754 16.961 -1.573 331.86 -58.619 54.54 4.108 1.505 5.285
21.464 2.677 -6.63 6.862 -2.85 11.943 1.796 331.92 -58.44 55.2 4.106 1.5 5.221
21.479 2.606 -6.689 6.859 -2.886 7.139 5.116 332.4 -58.32 55.559 4.104 1.498 5.177
21.509 2.523 -6.733 6.854 -3.022 2.859 8.004 332.58 -57.419 55.859 4.102 1.498 5.143
21.524 2.377 -6.759 6.847 -2.654 -0.419 10.012 332.939 -57.419 55.859 4.1 1.496 5.123
21.539 2.218 -6.854 6.844 -1.493 -2.624 11.038 333.299 -57.299 56.339 4.099 1.496 5.11
21.569 2.107 -6.922 6.876 -0.608 -3.941 11.214 333.06 -56.94 55.619 4.098 1.496 5.105
21.584 2.033 -6.989 6.924 -0.283 -4.794 10.498 333.599 -57.119 55.2 4.097 1.496 5.109
21.599 1.941 -7.005 6.963 -0.393 -5.067 8.835 334.32 -56.759 55.319 4.097 1.495 5.109
21.63 1.83 -6.994 6.958 -0.47 -4.651 6.562 334.859 -56.82 55.5 4.097 1.495 5.11
21.644 1.759 -6.937 6.976 -0.548 -3.403 3.805 335.159 -56.76 55.44 4.096 1.496 5.108
21.659 1.71 -7.007 7.003 -0.375 -1.724 0.599 334.859 -56.34 55.379 4.095 1.497 5.104
21.689 1.69 -7.023 7.005 -0.924 0.304 -2.971 334.38 -56.46 55.619 4.093 1.498 5.092
21.704 1.689 -6.936 7.036 -1.677 2.321 -6.703 334.02 -57.18 55.26 4.092 1.499 5.091
21.719 1.714 -6.95 7.08 -1.662 4.086 -10.58 333.3 -57.419 55.14 4.091 1.5 5.091
21.749 1.749 -7.016 7.097 -1.954 5.7 -14.058 333.0 -57.959 54.96 4.09 1.502 5.098
21.764 1.802 -7.053 7.112 -2.973 6.854 -16.799 332.52 -58.2 55.2 4.087 1.503 5.091
21.779 1.843 -7.008 7.116 -4.011 7.477 -18.638 331.619 -57.66 55.259 4.084 1.504 5.069
21.809 1.933 -7.004 7.089 -4.42 7.894 -19.46 330.719 -58.08 55.08 4.081 1.505 5.049
21.824 2.039 -7.14 7.072 -4.56 7.755 -19.579 329.759 -58.559 54.719 4.077 1.506 5.031
21.839 2.127 -7.202 7.033 -5.28 6.821 -18.964 328.859 -58.98 54.54 4.074 1.506 5.014
21.87 2.237 -7.117 6.977 -6.08 5.387 -17.561 328.919 -59.519 54.6 4.071 1.507 5.002
21.884 2.318 -7.142 6.961 -5.807 3.402 -15.59 328.62 -59.7 54.42 4.068 1.508 4.992
21.899 2.376 -7.212 6.913 -5.166 1.239 -13.244 328.499 -60.54 54.179 4.066 1.508 4.984
21.929 2.475 -7.234 6.857 -4.736 -0.989 -10.529 328.74 -60.539 53.7 4.063 1.508 4.975
21.944 2.549 -7.237 6.806 -4.196 -3.588 -7.708 328.14 -60.539 53.22 4.06 1.508 4.959
21.959 2.574 -7.257 6.758 -3.569 -6.005 -5.008 328.08 -60.72 53.04 4.059 1.509 4.952
21.989 2.624 -7.287 6.718 -3.185 -8.003 -2.487 328.26 -60.9 52.5 4.058 1.509 4.958
22.004 2.647 -7.287 6.706 -3.009 -9.832 -0.491 327.959 -60.96 51.48 4.058 1.509 4.968
22.019 2.684 -7.216 6.67 -2.607 -10.9 0.761 328.019 -60.9 51.18 4.058 1.51 4.974
22.049 2.739 -7.218 6.643 -1.649 -11.263 1.474 328.26 -60.419 50.459 4.058 1.511 4.988
22.064 2.78 -7.25 6.629 -0.838 -11.346 1.788 328.199 -60.0 49.32 4.058 1.511 5.0
22.079 2.818 -7.214 6.622 -0.342 -11.02 2.068 328.56 -60.239 48.6 4.058 1.51 5.016
22.109 2.866 -7.221 6.616 0.167 -10.34 2.528 328.14 -59.219 48.42 4.058 1.511 5.02
22.124 2.892 -7.217 6.623 0.117 -9.583 3.256 328.499 -58.499 48.3 4.059 1.51 5.037
22.139 2.937 -7.173 6.632 -0.23 -8.677 4.126 328.919 -58.559 47.76 4.06 1.51 5.055
22.169 2.995 -7.129 6.628 -0.325 -7.7 5.035 329.4 -58.8 46.44 4.061 1.51 5.075
22.184 3.001 -7.102 6.608 -0.057 -6.815 5.751 329.94 -58.98 46.26 4.061 1.512 5.098
22.199 2.982 -7.081 6.577 0.138 -5.922 6.495 330.12 -58.2 46.199 4.062 1.514 5.114
22.229 2.949 -7.072 6.591 -0.016 -5.251 7.344 330.54 -57.899 45.899 4.062 1.515 5.127
22.244 2.882 -7.076 6.607 -0.451 -4.67 7.937 330.9 -57.9 45.54 4.063 1.515 5.136
22.267 2.803 -7.044 6.615 -1.039 -3.823 8.152 331.26 -58.14 45.779 4.063 1.516 5.143
22.289 2.722 -7.012 6.591 -1.583 -2.791 7.776 331.439 -58.08 46.08 4.064 1.517 5.154
22.304 2.631 -7.037 6.591 -2.197 -1.782 6.632 332.28 -57.96 45.719 4.065 1.519 5.164
22.319 2.55 -7.028 6.614 -3.307 -0.543 4.856 332.64 -57.96 45.48 4.065 1.521 5.161
22.349 2.441 -7.024 6.614 -4.552 1.012 2.613 332.28 -57.36 45.839 4.065 1.522 5.168
22.364 2.332 -7.083 6.61 -5.928 3.082 0.197 331.859 -56.94 46.26 4.066 1.522 5.175
22.379 2.24 -7.152 6.612 -8.006 5.628 -2.061 331.56 -56.76 46.319 4.066 1.521 5.175
22.409 2.183 -7.143 6.627 -10.368 8.418 -4.112 332.28 -57.12 46.2 4.067 1.519 5.175
22.424 2.154 -7.104 6.599 -12.093 11.286 -5.941 332.4 -57.36 46.44 4.068 1.518 5.18
22.439 2.176 -7.092 6.562 -13.105 14.014 -7.387 332.039 -57.36 46.92 4.068 1.517 5.186
22.469 2.187 -7.114 6.516 -13.526 16.118 -8.599 331.56 -57.0 46.679 4.068 1.516 5.184
22.484 2.195 -7.169 6.492 -13.587 17.52 -9.404 331.32 -56.64 46.8 4.068 1.516 5.182
22.499 2.204 -7.144 6.44 -13.554 18.258 -9.584 331.5 -56.819 47.339 4.068 1.514 5.187
22.529 2.209 -7.125 6.359 -12.761 18.198 -9.268 330.84 -56.999 47.64 4.068 1.513 5.193
22.544 2.265 -7.172 6.304 -11.331 17.357 -8.454 330.78 -57.779 48.54 4.068 1.514 5.199
22.559 2.294 -7.159 6.25 -9.876 15.281 -7.395 331.32 -57.719 49.08 4.068 1.514 5.196
22.589 2.309 -7.034 6.166 -8.017 12.219 -6.428 331.199 -58.199 48.84 4.067 1.516 5.195
22.604 2.327 -7.029 6.11 -5.139 8.368 -5.484 330.719 -58.44 49.32 4.066 1.517 5.196
22.619 2.359 -7.106 6.109 -2.451 3.865 -4.525 330.419 -57.54 49.739 4.066 1.516 5.196
22.649 2.303 -7.092 6.045 -1.083 -1.232 -3.741 330.48 -57.12 49.679 4.065 1.517 5.204
22.664 2.215 -7.013 6.023 -0.067 -6.087 -2.994 331.08 -57.239 49.679 4.065 1.517 5.22
22.679 2.167 -7.045 6.026 1.432 -10.119 -2.588 331.02 -57.3 49.26 4.066 1.517 5.236
22.709 2.136 -7.122 6.004 2.478 -13.128 -2.619 330.659 -57.419 48.419 4.066 1.516 5.251
22.724 2.052 -7.164 5.979 2.855 -15.149 -2.89 330.78 -57.9 48.3 4.067 1.515 5.268
22.739 2.005 -7.159 6.011 3.048 -16.036 -3.348 330.96 -57.719 46.92 4.068 1.513 5.281
22.77 1.985 -7.206 6.051 3.452 -15.68 -3.993 331.14 -58.019 46.38 4.069 1.511 5.302
22.784 2.022 -7.315 6.064 3.506 -14.403 -4.552 330.78 -57.9 46.379 4.07 1.508 5.321
22.799 2.01 -7.403 6.028 2.706 -13.011 -5.339 330.96 -57.239 45.6 4.07 1.507 5.341
22.829 1.944 -7.397 5.993 1.545 -11.432 -6.461 330.78 -57.54 44.22 4.071 1.506 5.356
22.844 1.926 -7.424 5.987 1.102 -9.441 -7.614 330.84 -58.44 44.04 4.072 1.506 5.364
22.859 1.964 -7.533 5.954 0.835 -7.575 -8.768 330.36 -58.2 43.92 4.073 1.505 5.375
22.889 2.022 -7.56 5.948 -0.492 -6.272 -9.635 329.82 -57.9 43.5 4.074 1.504 5.384
22.904 2.058 -7.528 5.963 -2.019 -5.781 -10.29 329.28 -58.08 42.96 4.075 1.505 5.386
22.919 2.142 -7.522 5.975 -2.906 -5.736 -11.1 328.979 -58.02 42.18 4.075 1.505 5.387
22.949 2.196 -7.529 5.95 -3.533 -6.216 -12.264 328.74 -57.9 41.46 4.075 1.506 5.388
22.964 2.241 -7.572 5.946 -4.24 -7.237 -13.474 327.9 -57.9 40.5 4.074 1.507 5.389
22.979 2.261 -7.531 6.011 -5.2 -8.708 -14.596 327.419 -57.3 39.42 4.075 1.507 5.39
23.01 2.296 -7.432 6.071 -5.861 -9.796 -15.42 326.759 -58.08 39.0 4.075 1.508 5.385
23.024 2.377 -7.461 6.087 -5.799 -10.392 -15.78 326.219 -58.62 38.7 4.075 1.508 5.379
23.039 2.476 -7.49 6.129 -5.883 -10.97 -15.732 326.219 -57.9 37.86 4.074 1.508 5.377
23.069 2.579 -7.404 6.153 -6.335 -11.519 -15.309 325.98 -58.379 37.14 4.073 1.508 5.367
23.084 2.649 -7.395 6.14 -5.842 -12.285 -14.783 325.739 -58.739 36.419 4.072 1.508 5.358
23.099 2.721 -7.391 6.13 -4.961 -13.154 -14.11 325.619 -58.379 35.339 4.071 1.507 5.36
23.129 2.769 -7.34 6.099 -4.362 -14.326 -12.914 325.199 -58.08 34.439 4.071 1.506 5.358
23.144 2.809 -7.332 6.074 -3.611 -15.769 -11.082 324.719 -57.72 33.48 4.071 1.506 5.351
23.159 2.867 -7.27 6.038 -2.661 -17.186 -8.912 324.239 -57.719 32.64 4.071 1.505 5.347
23.19 2.928 -7.342 5.972 -1.244 -18.358 -6.735 324.479 -58.199 31.559 4.07 1.506 5.345
23.204 2.99 -7.44 5.918 -0.484 -19.383 -4.58 324.9 -57.54 29.819 4.07 1.505 5.34
23.219 3.021 -7.394 5.888 -0.2 -20.516 -2.755 325.02 -56.7 28.86 4.069 1.506 5.348
23.249 3.091 -7.407 5.875 0.95 -21.387 -1.509 324.719 -56.64 27.36 4.069 1.506 5.354
23.264 3.171 -7.59 5.857 2.47 -22.055 -0.88 324.659 -55.859 26.22 4.069 1.506 5.367
23.279 3.182 -7.672 5.837 2.76 -22.389 -0.487 324.599 -55.2 24.72 4.069 1.506 5.381
23.309 3.219 -7.72 5.865 2.705 -22.014 -0.251 324.84 -55.2 23.759 4.07 1.506 5.393
23.324 3.287 -7.887 5.906 2.685 -20.793 -0.296 325.14 -54.42 22.379 4.071 1.505 5.412
23.339 3.351 -7.98 5.91 1.522 -18.888 -0.508 325.32 -54.12 21.479 4.071 1.505 5.436
23.369 3.425 -8.021 5.906 -0.241 -16.737 -0.835 325.8 -54.0 20.159 4.072 1.505 5.451
23.384 3.504 -8.022 5.925 -1.855 -14.517 -1.342 325.98 -53.58 19.499 4.072 1.505 5.462
23.399 3.556 -8.059 5.915 -2.911 -12.354 -2.039 325.98 -53.34 19.019 4.073 1.506 5.486
23.429 3.66 -8.11 5.898 -4.117 -10.18 -2.523 326.04 -52.92 18.36 4.073 1.506 5.498
23.444 3.749 -8.076 5.907 -5.772 -8.32 -2.742 325.92 -52.44 17.28 4.074 1.506 5.506
23.459 3.825 -7.97 5.927 -6.945 -6.644 -2.793 326.64 -52.679 16.32 4.074 1.507 5.513
23.489 3.909 -7.946 5.901 -7.206 -5.069 -2.675 327.6 -52.44 15.48 4.075 1.508 5.519
23.504 3.956 -7.972 5.851 -7.718 -4.058 -2.148 327.659 -52.259 15.179 4.074 1.509 5.52
23.519 3.982 -7.916 5.837 -8.445 -3.668 -1.29 327.419 -52.14 14.7 4.075 1.51 5.515
23.549 4.03 -7.901 5.831 -8.543 -3.407 -0.249 327.96 -51.959 14.52 4.074 1.51 5.503
23.564 4.066 -7.921 5.82 -8.578 -3.082 0.95 328.68 -51.239 14.16 4.074 1.511 5.499
23.579 4.083 -7.936 5.813 -9.012 -2.742 2.433 328.8 -51.12 13.2 4.074 1.511 5.494
23.609 4.143 -7.932 5.845 -9.535 -2.251 4.048 329.1 -50.82 12.42 4.074 1.514 5.483
23.624 4.145 -7.951 5.854 -10.129 -1.61 5.588 329.699 -51.059 12.059 4.073 1.515 5.478
23.639 4.115 -8.051 5.847 -10.731 -0.683 7.183 330.36 -50.879 11.639 4.073 1.516 5.473
23.669 4.056 -8.158 5.846 -11.983 0.325 8.971 330.179 -50.22 10.739 4.073 1.516 5.469
23.684 4.019 -8.15 5.861 -13.777 1.329 10.71 330.12 -49.8 10.08 4.073 1.517 5.467
23.7 3.994 -8.182 5.856 -14.743 2.448 12.058 330.719 -49.32 9.48 4.074 1.518 5.468
23.729 3.943 -8.274 5.82 -15.416 3.586 13.174 331.74 -49.26 9.059 4.073 1.518 5.468
23.744 3.862 -8.343 5.759 -16.419 4.361 13.992 331.919 -48.719 8.28 4.073 1.518 5.475
23.759 3.733 -8.368 5.719 -17.215 4.794 14.398 331.56 -48.48 7.92 4.074 1.518 5.48
23.789 3.607 -8.433 5.657 -17.322 5.084 14.272 331.739 -47.339 7.979 4.073 1.517 5.491
23.805 3.476 -8.492 5.59 -17.148 5.177 13.767 331.62 -46.98 7.979 4.074 1.515 5.497
23.819 3.383 -8.498 5.54 -16.648 5.025 12.8 331.74 -46.379 7.019 4.074 1.513 5.501
23.849 3.291 -8.487 5.485 -15.387 4.722 11.074 331.68 -46.56 6.839 4.074 1.512 5.502
23.864 3.204 -8.532 5.423 -13.48 4.534 8.634 331.86 -46.98 6.539 4.073 1.511 5.502
23.879 3.114 -8.624 5.362 -11.678 4.606 6.015 331.98 -47.099 6.299 4.073 1.51 5.499
23.909 3.027 -8.704 5.307 -10.515 5.085 3.677 332.22 -46.619 5.939 4.072 1.51 5.493
23.924 2.996 -8.738 5.279 -9.769 5.938 1.674 331.86 -45.779 5.939 4.073 1.51 5.495
23.939 3.03 -8.742 5.294 -9.022 6.94 0.003 331.98 -46.26 5.7 4.073 1.51 5.498
23.969 3.141 -8.762 5.287 -8.429 7.725 -1.38 331.86 -46.019 5.46 4.074 1.51 5.504
23.984 3.252 -8.682 5.298 -7.796 7.828 -2.69 332.64 -46.2 5.16 4.074 1.51 5.51
23.999 3.355 -8.614 5.307 -6.554 7.417 -3.932 332.94 -46.62 4.38 4.074 1.51 5.517
24.029 3.396 -8.648 5.281 -5.192 6.651 -4.767 333.12 -46.919 4.439 4.075 1.511 5.526
24.044 3.388 -8.657 5.23 -4.839 5.709 -4.457 333.179 -46.619 4.499 4.075 1.512 5.532
24.059 3.378 -8.591 5.182 -5.255 4.938 -2.738 332.94 -46.379 4.979 4.076 1.512 5.54
24.09 3.408 -8.5 5.15 -5.585 4.404 -0.102 333.06 -46.14 5.58 4.077 1.511 5.552
24.104 3.455 -8.358 5.118 -5.684 3.641 2.722 332.46 -46.62 5.58 4.077 1.511 5.568
24.119 3.478 -8.197 5.085 -5.19 2.565 5.057 332.58 -46.86 5.22 4.077 1.511 5.579
24.149 3.426 -8.108 5.04 -3.801 1.311 6.647 333.18 -46.5 4.979 4.077 1.512 5.588
24.164 3.325 -8.07 5.007 -1.907 0.211 7.732 334.02 -46.14 5.46 4.078 1.512 5.595
24.179 3.203 -8.154 4.964 -0.355 -0.367 8.782 333.9 -46.14 5.22 4.078 1.512 5.597
24.209 3.081 -8.248 4.936 -0.17 -0.502 9.993 334.199 -45.72 5.52 4.078 1.512 5.602
24.224 3.01 -8.258 4.934 -0.982 -0.251 11.29 334.62 -45.54 5.58 4.079 1.512 5.606
24.239 2.976 -8.264 4.943 -1.68 0.129 12.12 335.28 -45.12 5.4 4.079 1.511 5.614
24.269 2.959 -8.308 4.943 -2.08 0.298 11.998 335.82 -44.7 4.86 4.079 1.512 5.621
24.284 2.917 -8.33 4.943 -2.438 0.07 10.932 336.12 -44.519 4.08 4.079 1.512 5.627
24.299 2.855 -8.375 4.95 -2.438 -0.229 9.338 337.08 -43.8 4.32 4.08 1.513 5.63
24.329 2.79 -8.484 4.934 -2.409 -0.39 7.816 337.859 -43.499 4.38 4.08 1.513 5.634
24.344 2.74 -8.551 4.919 -3.036 -0.356 6.675 337.379 -43.739 4.5 4.08 1.511 5.636
24.359 2.699 -8.553 4.895 -3.922 -0.193 5.89 337.26 -43.86 4.38 4.08 1.511 5.636
24.389 2.691 -8.537 4.886 -4.459 0.018 5.225 337.5 -43.38 4.86 4.08 1.511 5.639
24.404 2.677 -8.505 4.863 -4.444 0.126 4.419 337.68 -43.32 4.799 4.081 1.512 5.642
24.419 2.631 -8.501 4.837 -3.9 0.138 3.425 337.26 -42.78 4.859 4.081 1.513 5.647
24.449 2.595 -8.529 4.819 -3.454 0.241 2.499 336.84 -42.72 5.159 4.081 1.513 5.652
24.464 2.572 -8.518 4.809 -3.324 0.368 1.835 336.78 -42.899 5.58 4.081 1.514 5.657
24.479 2.557 -8.51 4.797 -3.018 0.513 1.429 337.26 -42.779 5.82 4.082 1.513 5.662
24.509 2.565 -8.532 4.78 -2.691 0.588 1.07 336.78 -43.14 5.459 4.082 1.514 5.668
24.524 2.561 -8.51 4.769 -2.537 0.378 0.597 336.54 -43.14 5.339 4.083 1.514 5.673
24.539 2.554 -8.512 4.75 -2.16 -0.098 0.106 337.14 -42.78 5.1 4.083 1.516 5.679
24.569 2.552 -8.534 4.737 -1.857 -0.666 -0.398 337.14 -42.54 4.38 4.084 1.517 5.681
24.585 2.539 -8.532 4.72 -1.686 -1.237 -0.886 337.38 -42.9 4.14 4.084 1.518 5.688
24.599 2.539 -8.555 4.709 -1.342 -1.623 -1.229 336.78 -42.3 3.78 4.084 1.518 5.695
24.629 2.543 -8.592 4.681 -1.116 -1.851 -1.442 337.26 -42.9 3.66 4.085 1.519 5.7
24.645 2.539 -8.577 4.651 -1.003 -2.071 -1.658 337.68 -42.96 3.959 4.085 1.519 5.706
24.659 2.532 -8.601 4.634 -0.455 -2.212 -1.996 337.38 -42.54 3.66 4.085 1.52 5.711
24.689 2.549 -8.616 4.628 0.04 -2.184 -2.498 337.8 -42.48 3.84 4.085 1.52 5.716
24.719 2.555 -8.592 4.621 0.535 -2.004 -3.012 338.159 -42.36 3.599 4.085 1.522 5.722
24.72 2.596 -8.6 4.624 1.292 -1.586 -3.501 338.099 -42.299 3.899 4.085 1.523 5.73
24.749 2.63 -8.583 4.639 1.893 -1.103 -4.137 337.439 -41.999 3.839 4.085 1.525 5.731
24.764 2.644 -8.575 4.646 2.496 -0.554 -4.874 336.959 -42.359 3.839 4.085 1.526 5.744
24.779 2.656 -8.569 4.66 2.986 0.085 -5.458 336.659 -42.419 4.019 4.085 1.525 5.751
24.809 2.684 -8.56 4.671 3.264 0.72 -5.811 337.02 -42.54 4.379 4.085 1.524 5.758
24.824 2.726 -8.535 4.708 3.431 1.287 -5.969 336.9 -42.66 4.26 4.085 1.524 5.767
24.839 2.776 -8.522 4.75 3.566 1.824 -5.95 336.36 -42.96 3.84 4.085 1.524 5.774
24.869 2.814 -8.48 4.786 3.5 2.226 -5.713 336.719 -42.6 3.959 4.085 1.524 5.782
24.884 2.829 -8.453 4.81 3.443 2.467 -5.251 336.0 -43.08 3.959 4.085 1.523 5.791
24.899 2.836 -8.435 4.835 3.314 2.603 -4.614 335.88 -42.959 4.08 4.085 1.522 5.797
24.929 2.83 -8.409 4.859 3.057 2.618 -3.817 335.7 -43.139 4.019 4.084 1.521 5.804
24.944 2.816 -8.386 4.88 2.83 2.591 -2.817 335.94 -43.139 4.38 4.084 1.519 5.819
24.959 2.819 -8.371 4.909 2.68 2.451 -1.71 336.539 -42.779 5.1 4.084 1.518 5.828
24.989 2.827 -8.372 4.932 2.564 2.2 -0.692 336.3 -42.419 4.859 4.084 1.518 5.837
25.004 2.807 -8.351 4.943 2.399 1.82 0.093 337.02 -42.42 5.46 4.085 1.518 5.846
25.02 2.778 -8.336 4.96 2.412 1.435 0.625 337.259 -41.94 5.7 4.085 1.518 5.854
25.049 2.749 -8.342 4.97 2.49 1.116 0.892 337.979 -41.58 5.22 4.085 1.519 5.863
25.064 2.726 -8.341 4.98 2.38 0.954 0.978 338.04 -42.0 5.52 4.085 1.519 5.872
25.079 2.705 -8.352 4.993 2.21 0.924 0.942 338.22 -41.82 5.58 4.086 1.52 5.879
25.109 2.704 -8.36 5.009 1.908 1.01 0.7 337.98 -41.82 5.82 4.086 1.52 5.886
25.124 2.688 -8.35 5.016 1.565 1.124 0.203 338.1 -42.179 5.459 4.087 1.522 5.889
25.154 2.691 -8.358 5.017 1.279 1.324 -0.436 338.1 -42.54 5.819 4.088 1.523 5.894
25.17 2.698 -8.353 5.012 0.877 1.515 -1.096 338.28 -42.6 5.76 4.088 1.524 5.897
25.184 2.686 -8.323 5.014 0.435 1.661 -1.745 338.4 -42.839 6.119 4.087 1.525 5.899
25.199 2.688 -8.322 5.024 0.096 1.921 -2.216 337.38 -43.379 5.94 4.087 1.526 5.902
25.23 2.702 -8.33 5.016 -0.23 2.159 -2.459 337.32 -43.2 6.0 4.087 1.53 5.906
25.26 2.724 -8.328 5.016 -0.606 2.29 -2.487 337.08 -43.32 6.72 4.086 1.533 5.911
25.261 2.734 -8.328 5.011 -0.92 2.218 -2.436 337.08 -43.199 6.479 4.086 1.535 5.915
25.289 2.751 -8.336 5.004 -1.16 1.987 -2.271 337.32 -43.44 6.24 4.085 1.536 5.918
25.304 2.747 -8.344 4.983 -1.29 1.533 -1.961 337.38 -43.019 6.18 4.085 1.536 5.921
25.319 2.747 -8.366 4.975 -1.286 1.047 -1.596 337.5 -43.14 6.779 4.084 1.536 5.926
25.349 2.752 -8.382 4.973 -1.235 0.512 -1.239 338.28 -42.36 6.119 4.084 1.536 5.927
25.364 2.739 -8.399 4.968 -1.128 -0.034 -0.941 338.52 -42.6 5.88 4.083 1.535 5.928
25.379 2.727 -8.429 4.965 -0.95 -0.49 -0.709 338.64 -42.72 5.879 4.083 1.535 5.929
25.409 2.718 -8.452 4.949 -0.706 -0.862 -0.619 339.24 -42.239 5.76 4.083 1.535 5.927
25.424 2.704 -8.479 4.937 -0.632 -1.097 -0.722 338.76 -42.36 5.4 4.083 1.531 5.925
25.439 2.684 -8.477 4.937 -0.6 -1.148 -0.959 338.46 -42.42 4.979 4.083 1.528 5.921
25.469 2.686 -8.462 4.932 -0.369 -0.975 -1.242 338.28 -42.6 4.56 4.083 1.526 5.919
25.484 2.685 -8.438 4.924 0.049 -0.706 -1.712 337.8 -42.36 4.92 4.083 1.525 5.919
25.499 2.697 -8.428 4.928 0.577 -0.361 -2.377 337.8 -42.959 5.279 4.083 1.524 5.92