27.573 -8.574 -3.756 -0.608 -0.754 1.87 -2.647 200.099 109.74 -43.019 3.165 1.345 3.051
27.588 -8.557 -3.765 -0.61 -0.911 1.764 -2.445 200.339 110.219 -43.26 3.166 1.341 3.051
27.618 -8.547 -3.755 -0.61 -1.136 1.519 -2.189 200.279 109.32 -43.32 3.165 1.335 3.051
27.633 -8.548 -3.751 -0.626 -1.24 1.195 -2.058 200.16 108.239 -43.56 3.166 1.329 3.051
27.648 -8.543 -3.747 -0.631 -1.304 0.923 -2.001 200.52 108.479 -43.32 3.165 1.326 3.051
27.678 -8.555 -3.742 -0.632 -1.403 0.698 -1.959 199.92 108.72 -43.32 3.165 1.323 3.051
27.694 -8.571 -3.724 -0.638 -1.426 0.548 -1.841 199.56 108.479 -43.8 3.165 1.321 3.05
27.708 -8.565 -3.741 -0.643 -1.341 0.506 -1.687 199.739 108.66 -44.339 3.165 1.321 3.05
27.738 -8.555 -3.748 -0.65 -1.514 0.475 -1.548 200.219 108.179 -44.219 3.165 1.32 3.05
27.753 -8.561 -3.733 -0.652 -1.768 0.461 -1.535 199.98 108.059 -44.459 3.165 1.317 3.05
27.768 -8.576 -3.719 -0.664 -1.884 0.474 -1.637 200.28 108.12 -44.519 3.165 1.316 3.051
27.798 -8.595 -3.716 -0.684 -1.883 0.553 -1.797 199.98 107.82 -44.58 3.166 1.315 3.051
27.813 -8.595 -3.72 -0.686 -1.881 0.702 -1.892 199.619 108.18 -44.22 3.166 1.315 3.052
27.828 -8.601 -3.72 -0.692 -1.833 0.832 -1.899 199.499 109.02 -44.099 3.167 1.315 3.053
27.858 -8.607 -3.72 -0.698 -1.804 0.979 -1.806 199.499 108.179 -44.339 3.167 1.315 3.053
27.873 -8.606 -3.712 -0.705 -1.698 1.066 -1.622 199.44 108.36 -44.039 3.167 1.315 3.053
27.889 -8.606 -3.729 -0.717 -1.526 1.103 -1.439 199.079 108.479 -43.8 3.167 1.315 3.054
27.919 -8.608 -3.724 -0.717 -1.524 1.079 -1.219 198.24 108.719 -43.799 3.167 1.314 3.054
27.933 -8.628 -3.718 -0.72 -1.436 0.988 -0.931 198.0 108.6 -43.199 3.167 1.315 3.054
27.949 -8.639 -3.725 -0.721 -1.251 0.918 -0.593 197.88 108.599 -43.32 3.168 1.316 3.055
27.978 -8.641 -3.731 -0.717 -1.105 0.888 -0.301 197.64 109.08 -43.08 3.168 1.317 3.055
27.995 -8.644 -3.734 -0.713 -0.98 0.847 -0.117 198.06 109.139 -42.66 3.168 1.318 3.056
28.008 -8.661 -3.736 -0.722 -0.81 0.814 -0.092 197.88 109.319 -42.6 3.167 1.32 3.056
28.038 -8.665 -3.74 -0.717 -0.648 0.846 -0.17 198.239 109.08 -42.84 3.167 1.32 3.056
28.053 -8.678 -3.739 -0.723 -0.436 0.88 -0.329 198.12 109.08 -43.2 3.166 1.32 3.057
28.068 -8.679 -3.749 -0.717 -0.213 0.969 -0.541 198.06 108.66 -43.739 3.166 1.319 3.057
28.098 -8.677 -3.75 -0.708 -0.088 1.02 -0.775 198.3 108.66 -43.86 3.165 1.319 3.058
28.114 -8.686 -3.755 -0.709 0.088 1.019 -1.054 199.26 108.3 -43.5 3.164 1.319 3.058
28.128 -8.674 -3.772 -0.694 0.225 1.022 -1.386 199.26 108.66 -43.98 3.164 1.318 3.058
28.158 -8.68 -3.788 -0.685 0.232 0.971 -1.781 198.84 109.32 -43.32 3.163 1.317 3.058
28.174 -8.692 -3.804 -0.672 0.204 0.874 -2.147 198.9 108.78 -43.62 3.162 1.315 3.058
28.189 -8.712 -3.814 -0.666 0.203 0.788 -2.445 199.019 108.78 -43.98 3.161 1.315 3.058
28.219 -8.722 -3.849 -0.648 0.161 0.722 -2.81 199.32 108.24 -44.04 3.16 1.314 3.058
28.234 -8.756 -3.875 -0.648 -0.076 0.583 -3.29 199.26 108.059 -43.62 3.158 1.314 3.058
28.249 -8.785 -3.912 -0.634 -0.392 0.396 -3.932 199.32 108.239 -42.6 3.158 1.313 3.058
28.278 -8.825 -3.95 -0.64 -0.655 0.156 -4.818 199.739 108.42 -41.94 3.157 1.312 3.057
28.294 -8.881 -3.997 -0.648 -0.872 -0.1 -5.935 200.16 108.119 -42.0 3.157 1.312 3.056
28.308 -8.932 -4.036 -0.647 -1.087 -0.312 -7.296 199.68 108.239 -41.88 3.156 1.311 3.057
28.338 -8.99 -4.076 -0.664 -1.106 -0.535 -8.942 199.68 108.359 -41.88 3.156 1.312 3.056
28.354 -9.02 -4.129 -0.679 -0.888 -0.713 -10.915 200.64 107.759 -41.76 3.156 1.313 3.057
28.368 -9.047 -4.187 -0.695 -0.629 -0.935 -13.264 200.82 108.06 -41.94 3.155 1.313 3.057
28.398 -9.08 -4.255 -0.699 -0.335 -1.201 -16.067 200.7 107.82 -41.82 3.155 1.312 3.057
28.413 -9.103 -4.318 -0.723 0.061 -1.442 -19.083 201.359 108.24 -41.76 3.156 1.311 3.057
28.428 -9.102 -4.402 -0.716 0.658 -1.672 -22.268 202.079 108.479 -41.52 3.156 1.311 3.058
28.458 -9.109 -4.457 -0.723 1.482 -1.91 -25.576 202.62 109.02 -41.7 3.158 1.31 3.059
28.473 -9.081 -4.545 -0.713 2.599 -2.063 -28.825 203.4 109.679 -41.88 3.159 1.31 3.059
28.488 -9.041 -4.641 -0.713 3.698 -2.361 -32.04 204.18 110.22 -41.22 3.16 1.309 3.06
28.518 -8.996 -4.724 -0.709 4.648 -2.929 -35.302 205.86 110.22 -41.82 3.161 1.308 3.059
28.533 -8.962 -4.79 -0.699 5.523 -3.653 -38.553 207.3 110.58 -41.46 3.162 1.306 3.059
28.548 -8.913 -4.87 -0.671 6.478 -4.487 -41.622 208.26 111.179 -41.819 3.162 1.304 3.059
28.578 -8.827 -4.988 -0.644 7.567 -5.365 -44.409 209.64 111.359 -41.279 3.162 1.303 3.06
28.593 -8.714 -5.14 -0.624 8.348 -6.433 -46.85 211.74 111.9 -40.86 3.162 1.301 3.059
28.608 -8.62 -5.231 -0.578 8.639 -7.749 -49.131 213.3 112.14 -40.5 3.161 1.301 3.058
28.638 -8.538 -5.305 -0.544 9.112 -9.133 -51.382 215.04 112.679 -39.6 3.161 1.3 3.057
28.668 -8.441 -5.438 -0.507 9.766 -10.391 -53.658 217.32 112.92 -39.239 3.159 1.299 3.055
28.669 -8.337 -5.545 -0.46 10.231 -11.544 -56.04 218.94 112.979 -38.7 3.159 1.302 3.052
28.698 -8.22 -5.654 -0.4 10.794 -12.536 -58.564 221.34 113.1 -37.98 3.159 1.306 3.048
28.713 -8.098 -5.791 -0.348 11.48 -13.319 -61.193 222.84 113.519 -36.72 3.159 1.308 3.047
28.728 -7.968 -5.926 -0.274 12.207 -13.867 -63.858 225.48 113.52 -36.24 3.159 1.312 3.045
28.758 -7.841 -6.043 -0.214 13.128 -14.211 -66.545 228.059 113.819 -35.339 3.16 1.315 3.044
28.803 -7.695 -6.175 -0.146 14.292 -14.436 -69.487 231.0 113.759 -34.08 3.161 1.319 3.042
28.804 -7.557 -6.286 -0.066 15.609 -14.49 -72.763 234.54 113.819 -33.18 3.162 1.322 3.043
28.818 -7.402 -6.41 0.007 17.167 -14.329 -76.164 237.3 114.42 -32.1 3.164 1.324 3.043
28.833 -7.208 -6.553 0.1 18.75 -13.838 -79.58 240.48 114.12 -32.04 3.165 1.326 3.042
28.848 -6.986 -6.703 0.197 20.164 -13.183 -82.922 243.599 113.88 -30.72 3.165 1.328 3.041
28.878 -6.772 -6.879 0.279 21.145 -12.554 -86.185 247.92 113.64 -29.399 3.165 1.325 3.04
28.908 -6.54 -7.015 0.373 21.536 -11.712 -89.28 251.399 113.4 -28.08 3.163 1.323 3.04
28.91 -6.282 -7.138 0.472 22.153 -10.508 -92.141 255.719 112.92 -26.879 3.162 1.32 3.038
28.938 -5.971 -7.309 0.553 22.772 -9.019 -94.668 259.559 112.799 -25.68 3.161 1.317 3.036
28.953 -5.658 -7.451 0.641 22.748 -7.503 -96.874 264.239 111.72 -24.599 3.161 1.313 3.032
28.968 -5.348 -7.556 0.721 22.259 -5.868 -98.57 268.44 111.479 -24.119 3.161 1.31 3.028
28.998 -4.99 -7.675 0.81 21.731 -4.081 -99.644 272.04 110.28 -23.279 3.162 1.306 3.022
29.013 -4.619 -7.789 0.9 21.031 -2.387 -100.122 276.48 108.359 -22.32 3.162 1.303 3.018
29.028 -4.253 -7.891 0.977 20.16 -0.867 -99.986 280.979 107.1 -21.3 3.162 1.301 3.014
29.058 -3.887 -7.985 1.04 19.314 0.461 -99.486 284.64 105.72 -20.639 3.164 1.298 3.012
29.073 -3.527 -8.05 1.108 18.581 1.603 -98.643 288.6 104.28 -20.4 3.166 1.296 3.007
29.088 -3.164 -8.13 1.179 18.403 2.541 -97.38 292.8 102.839 -20.159 3.169 1.295 3.004
29.118 -2.784 -8.25 1.234 18.09 3.183 -95.817 296.58 100.739 -20.099 3.172 1.293 3.001
29.133 -2.451 -8.353 1.305 17.263 3.351 -94.03 299.88 98.16 -19.8 3.175 1.292 2.999
29.148 -2.14 -8.444 1.376 16.524 3.406 -91.984 302.76 96.479 -19.2 3.177 1.291 2.995
29.178 -1.822 -8.541 1.45 16.082 3.499 -89.727 306.299 94.259 -17.82 3.18 1.29 2.992
29.193 -1.544 -8.612 1.508 15.712 3.431 -87.337 309.419 92.22 -16.98 3.183 1.289 2.988
29.208 -1.29 -8.698 1.555 15.885 3.402 -84.944 312.9 90.539 -16.259 3.185 1.289 2.985
29.238 -1.007 -8.82 1.602 16.33 3.399 -82.607 315.06 88.979 -15.54 3.188 1.289 2.982
29.254 -0.748 -8.946 1.646 16.204 3.172 -80.351 318.659 86.7 -14.819 3.19 1.289 2.978
29.268 -0.484 -9.018 1.73 15.716 2.703 -78.077 321.0 84.24 -13.919 3.192 1.289 2.978
29.313 -0.251 -9.103 1.815 15.379 2.232 -75.811 323.4 82.32 -13.8 3.194 1.288 2.975
29.327 -0.027 -9.17 1.881 15.062 1.783 -73.415 326.219 80.7 -12.78 3.197 1.29 2.974
29.328 0.214 -9.224 1.936 14.758 1.283 -71.102 329.039 78.96 -11.16 3.196 1.292 2.971
29.358 0.438 -9.242 1.983 14.224 0.625 -69.034 330.84 76.8 -10.2 3.196 1.293 2.97
29.373 0.629 -9.237 2.044 13.594 -0.122 -67.157 332.88 74.399 -9.6 3.196 1.295 2.969
29.388 0.823 -9.244 2.095 13.206 -0.813 -65.527 334.5 72.899 -9.3 3.195 1.296 2.968
29.419 1.074 -9.271 2.149 12.651 -1.422 -64.108 336.06 71.339 -8.82 3.193 1.296 2.966
29.433 1.276 -9.252 2.199 11.738 -2.232 -62.931 337.679 69.359 -8.16 3.191 1.296 2.965
29.463 1.478 -9.164 2.279 11.23 -2.901 -61.751 339.06 67.38 -8.1 3.19 1.297 2.964
29.478 1.695 -9.134 2.307 11.578 -3.151 -60.526 340.559 65.88 -7.08 3.188 1.298 2.962
29.493 1.937 -9.128 2.322 11.638 -3.353 -59.171 342.239 63.6 -5.76 3.187 1.298 2.963
29.508 2.14 -9.079 2.361 11.089 -3.634 -57.555 343.8 61.679 -4.919 3.185 1.297 2.964
29.538 2.35 -9.001 2.401 10.654 -3.691 -55.461 345.0 60.119 -5.159 3.186 1.295 2.963
29.553 2.594 -9.007 2.445 10.422 -3.641 -52.823 346.62 58.739 -4.619 3.186 1.294 2.963
29.583 2.826 -9.0 2.481 9.753 -3.703 -49.683 347.64 57.36 -4.199 3.186 1.292 2.962
29.598 3.055 -8.978 2.51 8.703 -3.78 -45.977 349.02 55.379 -2.94 3.186 1.29 2.963
29.613 3.235 -8.953 2.544 7.325 -3.944 -41.709 349.62 53.339 -2.46 3.187 1.29 2.967
29.628 3.379 -8.915 2.578 5.835 -3.986 -36.857 350.94 52.259 -2.46 3.189 1.289 2.969
29.658 3.498 -8.906 2.574 4.421 -3.854 -31.535 351.479 51.599 -1.68 3.196 1.288 2.971
29.673 3.58 -8.909 2.584 2.694 -3.712 -25.987 352.199 50.879 -1.44 3.203 1.286 2.973
29.688 3.623 -8.879 2.586 0.863 -3.517 -20.437 352.14 50.219 -1.619 3.208 1.285 2.973
29.718 3.661 -8.879 2.593 -0.435 -3.133 -15.1 352.02 49.86 -1.38 3.214 1.284 2.973
29.733 3.659 -8.885 2.595 -1.358 -2.716 -10.191 352.38 49.38 -1.14 3.219 1.283 2.974
29.748 3.621 -8.891 2.592 -1.964 -2.212 -5.829 352.98 49.379 -1.38 3.221 1.282 2.974
29.778 3.583 -8.921 2.58 -2.348 -1.717 -2.077 353.219 49.739 -1.86 3.223 1.282 2.976
29.793 3.508 -8.947 2.593 -2.677 -1.35 1.042 352.74 50.459 -1.859 3.224 1.282 2.976
29.808 3.418 -8.959 2.584 -2.729 -0.929 3.682 353.04 50.4 -2.4 3.225 1.282 2.973
29.838 3.375 -9.013 2.561 -2.724 -0.516 5.909 352.74 50.1 -1.739 3.226 1.281 2.972
29.853 3.322 -9.045 2.561 -3.176 -0.382 7.689 353.039 50.16 -2.28 3.22 1.28 2.97
29.868 3.258 -9.042 2.558 -3.745 -0.368 9.185 352.56 50.519 -2.159 3.215 1.281 2.969
29.898 3.211 -9.059 2.548 -4.114 -0.404 10.551 352.8 51.12 -2.399 3.212 1.281 2.967
29.913 3.153 -9.053 2.529 -4.624 -0.605 11.85 352.259 51.419 -2.819 3.207 1.283 2.966
29.928 3.105 -9.061 2.508 -5.234 -0.864 13.277 351.239 52.2 -2.88 3.202 1.285 2.965
29.958 3.074 -9.063 2.465 -6.038 -1.178 15.041 350.1 52.379 -2.699 3.202 1.286 2.965
29.973 3.034 -9.04 2.432 -6.918 -1.5 17.2 349.44 52.56 -2.279 3.201 1.287 2.963
29.988 2.998 -9.011 2.391 -7.853 -1.752 19.831 349.14 52.5 -2.699 3.201 1.288 2.962
30.018 2.943 -8.978 2.353 -8.896 -2.028 22.86 348.48 53.76 -2.519 3.2 1.288 2.961
30.033 2.869 -8.941 2.315 -9.761 -2.284 26.274 348.0 54.72 -2.759 3.2 1.288 2.959
30.048 2.805 -8.933 2.277 -10.373 -2.475 30.124 346.62 56.1 -2.579 3.2 1.29 2.958
30.078 2.718 -8.924 2.224 -11.129 -2.73 34.334 345.659 56.94 -3.179 3.2 1.292 2.957
30.093 2.609 -8.908 2.173 -11.954 -3.001 38.808 345.0 57.96 -3.119 3.199 1.295 2.955
30.108 2.497 -8.902 2.13 -12.722 -3.244 43.592 343.86 59.459 -3.3 3.199 1.295 2.953
30.138 2.36 -8.903 2.074 -13.447 -3.402 48.503 343.199 61.08 -3.84 3.199 1.294 2.951
30.198 2.184 -8.922 2.017 -14.247 -3.487 53.332 342.0 62.519 -4.92 3.198 1.294 2.951
30.199 1.96 -8.922 1.947 -15.207 -3.447 58.102 340.38 64.5 -5.939 3.198 1.295 2.95
30.213 1.709 -8.932 1.874 -15.794 -3.105 62.751 338.46 67.259 -7.14 3.197 1.297 2.949
30.214 1.469 -9.003 1.792 -16.176 -2.445 67.238 337.08 69.24 -7.68 3.198 1.298 2.948
30.228 1.199 -9.042 1.71 -17.039 -1.658 71.474 335.039 72.12 -8.52 3.197 1.299 2.949
30.258 0.887 -9.037 1.626 -18.038 -0.782 75.411 333.419 74.1 -9.3 3.197 1.298 2.951
30.273 0.574 -9.048 1.553 -18.447 0.305 79.001 331.079 76.679 -10.08 3.197 1.296 2.952
30.288 0.243 -9.059 1.478 -18.681 1.429 82.316 328.259 79.259 -10.739 3.198 1.295 2.954
30.318 -0.093 -9.08 1.398 -19.029 2.412 85.176 326.099 81.659 -11.58 3.198 1.297 2.959
30.333 -0.443 -9.062 1.338 -19.639 3.035 87.562 323.64 83.759 -12.36 3.198 1.297 2.963
30.348 -0.795 -9.001 1.289 -20.051 3.419 89.663 320.699 86.58 -13.26 3.198 1.297 2.967
30.378 -1.135 -8.963 1.238 -20.084 3.605 91.575 317.46 88.74 -13.98 3.199 1.297 2.971
30.394 -1.453 -8.921 1.194 -20.206 3.45 93.287 314.28 90.84 -14.279 3.199 1.296 2.977
30.408 -1.795 -8.827 1.145 -20.38 2.974 94.803 310.32 93.12 -14.76 3.2 1.296 2.982
30.438 -2.149 -8.726 1.089 -20.383 2.337 96.267 306.419 94.62 -15.899 3.2 1.297 2.986
30.453 -2.469 -8.64 1.042 -20.198 1.69 97.574 302.64 97.2 -16.799 3.2 1.298 2.991
30.468 -2.761 -8.53 0.98 -20.219 1.002 98.648 298.739 98.82 -17.459 3.201 1.299 2.996
30.498 -3.058 -8.416 0.927 -20.352 0.432 99.451 294.359 101.16 -18.479 3.202 1.298 3.001
30.513 -3.399 -8.249 0.853 -20.207 0.303 100.143 290.039 103.08 -19.559 3.202 1.297 3.003
30.528 -3.726 -8.118 0.777 -19.623 0.8 100.873 285.419 105.42 -20.459 3.202 1.296 3.007
30.558 -4.047 -7.971 0.705 -19.158 1.703 101.567 281.34 107.339 -20.819 3.203 1.295 3.01
30.573 -4.355 -7.829 0.629 -18.667 2.998 102.038 277.259 109.259 -22.259 3.203 1.294 3.014
30.588 -4.659 -7.668 0.56 -18.159 4.622 102.463 273.479 110.519 -23.279 3.203 1.294 3.018
30.618 -4.954 -7.501 0.498 -17.358 6.406 102.625 269.58 111.179 -24.659 3.204 1.293 3.02
30.633 -5.23 -7.357 0.425 -16.264 8.077 102.442 266.1 112.019 -25.499 3.204 1.291 3.018
30.648 -5.535 -7.218 0.348 -15.523 9.514 102.096 262.019 112.38 -26.459 3.204 1.29 3.015
30.678 -5.884 -7.026 0.28 -15.14 10.689 101.774 258.12 113.16 -27.6 3.204 1.289 3.011
30.693 -6.233 -6.855 0.201 -14.561 11.43 101.374 253.799 113.639 -28.439 3.203 1.289 3.012
30.708 -6.532 -6.706 0.149 -14.111 11.736 100.725 249.419 114.299 -28.98 3.203 1.288 3.008
30.738 -6.83 -6.512 0.095 -13.761 11.617 99.634 245.279 114.479 -29.999 3.202 1.288 3.002
30.753 -7.136 -6.331 0.018 -13.032 11.186 98.067 241.079 114.479 -31.2 3.201 1.287 2.997
30.768 -7.444 -6.127 -0.039 -12.074 10.554 95.987 237.06 114.539 -31.38 3.2 1.288 2.99
30.798 -7.73 -5.925 -0.111 -11.055 9.855 93.296 232.98 114.66 -32.1 3.198 1.287 2.983
30.813 -8.051 -5.73 -0.193 -10.28 9.001 90.102 228.959 115.559 -33.36 3.196 1.288 2.977
30.828 -8.353 -5.494 -0.236 -9.728 8.532 86.445 224.64 115.919 -34.32 3.195 1.287 2.976
30.858 -8.604 -5.261 -0.286 -8.539 8.516 82.361 220.8 116.28 -34.679 3.193 1.287 2.972
30.873 -8.793 -5.117 -0.341 -7.061 8.825 77.858 217.38 116.58 -35.58 3.191 1.287 2.971
30.889 -8.944 -4.912 -0.379 -6.078 9.418 72.997 214.98 116.58 -36.54 3.19 1.286 2.965
30.918 -9.078 -4.716 -0.426 -5.056 10.242 67.944 212.1 116.1 -37.379 3.187 1.286 2.966
30.933 -9.176 -4.545 -0.463 -4.151 11.283 63.011 209.58 115.5 -37.859 3.186 1.287 2.967
30.948 -9.253 -4.365 -0.483 -3.45 12.468 58.193 207.66 114.54 -38.339 3.184 1.288 2.969
30.978 -9.312 -4.178 -0.525 -2.974 13.848 53.692 205.38 113.58 -39.059 3.182 1.288 2.971
30.993 -9.376 -4.037 -0.577 -2.523 15.211 49.361 203.219 112.98 -39.899 3.181 1.29 2.971
31.008 -9.377 -3.887 -0.596 -2.346 16.498 45.29 202.079 111.96 -40.199 3.18 1.292 2.973
31.038 -9.392 -3.762 -0.636 -2.111 17.423 41.547 200.76 111.36 -40.679 3.179 1.294 2.974
31.053 -9.394 -3.664 -0.686 -2.103 17.954 38.082 199.14 110.22 -41.459 3.178 1.297 2.976
31.068 -9.418 -3.562 -0.721 -2.364 17.961 34.764 198.119 109.44 -42.239 3.179 1.296 2.978
31.098 -9.462 -3.448 -0.763 -2.457 17.68 31.612 196.14 108.3 -42.9 3.179 1.297 2.979
31.113 -9.495 -3.351 -0.801 -2.079 17.137 28.669 194.88 107.88 -43.56 3.179 1.297 2.979
31.128 -9.512 -3.301 -0.853 -1.366 16.257 25.739 194.04 106.92 -44.76 3.179 1.297 2.978
31.158 -9.524 -3.262 -0.893 -0.895 14.99 22.876 193.08 106.8 -45.839 3.18 1.298 2.978
31.173 -9.523 -3.239 -0.921 -0.561 13.22 20.145 192.48 106.8 -46.68 3.181 1.298 2.977
31.188 -9.52 -3.193 -0.942 -0.27 11.144 17.609 191.64 106.44 -46.68 3.183 1.296 2.979
31.218 -9.501 -3.159 -0.958 0.124 9.02 15.27 190.38 106.02 -47.1 3.184 1.294 2.979
31.233 -9.467 -3.114 -0.966 0.508 6.887 12.956 189.72 105.6 -47.519 3.185 1.291 2.977
31.248 -9.456 -3.04 -0.965 0.936 4.883 10.587 189.9 105.42 -47.819 3.187 1.289 2.978
31.278 -9.403 -2.991 -0.967 1.645 3.267 8.132 189.78 104.7 -47.22 3.188 1.288 2.978
31.293 -9.351 -2.972 -0.97 2.295 1.977 5.681 190.2 104.519 -47.04 3.19 1.286 2.977
31.308 -9.322 -2.927 -0.97 2.642 1.035 3.393 190.079 104.4 -46.8 3.191 1.286 2.975
31.338 -9.295 -2.888 -0.961 3.006 0.596 1.392 190.14 104.699 -46.38 3.193 1.284 2.974
31.353 -9.24 -2.856 -0.95 3.334 0.63 -0.263 190.26 105.179 -46.02 3.193 1.281 2.973
31.368 -9.193 -2.837 -0.948 3.544 0.863 -1.725 190.32 104.759 -46.2 3.194 1.279 2.972
31.398 -9.128 -2.83 -0.934 3.545 1.187 -3.018 191.279 104.759 -47.04 3.195 1.278 2.971
31.413 -9.093 -2.793 -0.928 3.43 1.463 -4.158 191.76 105.479 -47.04 3.197 1.278 2.974
31.428 -9.055 -2.788 -0.93 3.558 1.689 -5.032 191.879 105.84 -46.559 3.197 1.278 2.976
31.458 -9.001 -2.831 -0.926 3.735 1.823 -5.563 191.64 106.319 -47.04 3.198 1.278 2.976
31.473 -8.987 -2.804 -0.911 3.674 1.864 -5.719 191.4 106.44 -48.12 3.198 1.277 2.978
31.488 -8.979 -2.793 -0.908 3.906 1.834 -5.58 191.4 106.44 -48.6 3.199 1.277 2.98
31.518 -8.962 -2.825 -0.902 4.066 1.717 -5.407 191.94 106.5 -49.38 3.199 1.277 2.984
31.533 -8.962 -2.817 -0.898 3.79 1.444 -5.295 191.88 106.679 -49.56 3.199 1.278 2.987
31.548 -8.961 -2.834 -0.899 3.641 1.131 -5.275 192.24 105.96 -49.68 3.199 1.279 2.989
31.578 -8.948 -2.864 -0.897 3.47 0.877 -5.329 192.84 106.32 -49.679 3.199 1.278 2.99
31.593 -8.953 -2.871 -0.902 3.18 0.695 -5.464 192.239 106.2 -49.439 3.197 1.278 2.991
31.608 -8.945 -2.902 -0.906 2.98 0.671 -5.612 192.18 105.78 -49.379 3.196 1.278 2.99
31.638 -8.949 -2.921 -0.907 2.68 0.791 -5.806 192.359 105.72 -49.8 3.194 1.277 2.989
31.653 -8.951 -2.906 -0.914 2.381 1.054 -5.979 192.359 105.84 -50.04 3.192 1.277 2.99
31.668 -8.93 -2.933 -0.93 2.31 1.398 -6.05 192.42 106.62 -49.62 3.19 1.277 2.99
31.698 -8.89 -2.951 -0.924 2.067 1.775 -6.019 192.6 106.439 -49.8 3.189 1.277 2.99
31.713 -8.851 -2.957 -0.931 1.803 2.05 -5.845 192.78 106.62 -49.379 3.187 1.279 2.991
31.728 -8.818 -2.975 -0.941 1.742 2.117 -5.55 192.96 106.319 -49.559 3.185 1.278 2.99
31.758 -8.806 -2.984 -0.942 1.731 2.043 -5.303 192.599 106.559 -50.04 3.184 1.278 2.99
31.773 -8.803 -2.965 -0.94 1.741 1.956 -5.044 192.899 106.259 -50.22 3.184 1.279 2.992
31.788 -8.811 -2.95 -0.938 1.967 1.843 -4.64 193.32 106.559 -50.4 3.183 1.279 2.996
31.818 -8.811 -2.945 -0.935 2.383 1.801 -4.216 193.619 106.859 -50.459 3.182 1.279 2.999
31.833 -8.801 -2.958 -0.931 2.769 1.883 -3.81 193.799 106.679 -50.879 3.182 1.28 3.003
31.849 -8.805 -2.97 -0.923 2.965 1.98 -3.472 194.219 106.26 -51.179 3.182 1.279 3.005
31.878 -8.837 -2.961 -0.918 3.091 2.062 -3.277 195.059 105.78 -51.66 3.182 1.279 3.008
31.893 -8.851 -2.986 -0.923 3.27 2.253 -3.221 195.599 106.2 -51.839 3.181 1.278 3.01
31.908 -8.844 -3.005 -0.915 3.195 2.496 -3.241 196.199 105.96 -52.32 3.181 1.277 3.013
31.938 -8.844 -3.004 -0.907 2.929 2.771 -3.311 196.379 105.66 -52.619 3.181 1.276 3.017
31.953 -8.835 -3.009 -0.899 2.741 3.129 -3.309 196.619 105.3 -52.259 3.181 1.275 3.02
31.968 -8.828 -3.037 -0.908 2.632 3.41 -3.248 196.14 105.419 -52.26 3.18 1.275 3.021
31.998 -8.832 -3.045 -0.911 2.425 3.574 -3.222 196.02 105.299 -52.859 3.18 1.274 3.022
32.014 -8.833 -3.072 -0.912 2.202 3.645 -3.177 195.66 104.46 -53.1 3.181 1.276 3.021
32.028 -8.831 -3.073 -0.916 1.981 3.509 -3.076 196.44 104.4 -53.52 3.181 1.28 3.02
32.058 -8.818 -3.074 -0.913 1.952 3.19 -2.991 196.38 104.339 -52.98 3.18 1.283 3.019
32.073 -8.807 -3.085 -0.908 1.981 2.781 -2.888 196.079 104.64 -53.16 3.18 1.287 3.017
32.088 -8.802 -3.091 -0.898 2.014 2.264 -2.715 196.26 104.58 -52.98 3.18 1.291 3.015
32.118 -8.815 -3.097 -0.894 2.096 1.685 -2.506 196.079 104.16 -53.52 3.18 1.296 3.012
32.133 -8.849 -3.094 -0.897 2.092 1.166 -2.261 196.44 104.28 -53.159 3.179 1.304 3.01
32.148 -8.868 -3.098 -0.905 2.025 0.728 -2.066 196.499 104.7 -52.859 3.179 1.309 3.007
32.177 -8.876 -3.09 -0.889 1.904 0.415 -2.09 197.399 104.64 -52.919 3.179 1.313 3.003
32.192 -8.868 -3.092 -0.876 1.866 0.309 -2.316 197.459 104.34 -52.379 3.179 1.318 3.0
32.208 -8.861 -3.091 -0.868 1.825 0.419 -2.65 197.94 104.58 -52.38 3.178 1.322 2.997
32.253 -8.845 -3.091 -0.857 1.716 0.692 -3.035 197.4 105.0 -51.84 3.178 1.323 2.993
32.253 -8.841 -3.104 -0.856 1.471 1.107 -3.439 197.88 105.36 -51.96 3.178 1.326 2.99
32.268 -8.818 -3.103 -0.859 1.125 1.571 -3.756 197.94 105.18 -51.42 3.177 1.328 2.986
32.298 -8.813 -3.091 -0.863 0.842 1.934 -4.091 197.64 104.76 -51.6 3.177 1.332 2.985
32.313 -8.795 -3.095 -0.863 0.627 2.252 -4.401 197.82 105.06 -51.06 3.177 1.334 2.982
32.328 -8.761 -3.111 -0.865 0.429 2.406 -4.622 197.88 105.36 -50.88 3.177 1.335 2.98
32.357 -8.747 -3.116 -0.862 0.279 2.352 -4.735 198.48 105.24 -51.6 3.176 1.339 2.979
32.372 -8.736 -3.139 -0.868 0.216 2.263 -4.59 197.82 105.06 -51.42 3.176 1.343 2.978
32.387 -8.722 -3.158 -0.874 0.118 2.101 -4.201 198.72 105.359 -51.839 3.176 1.345 2.978
32.418 -8.715 -3.162 -0.883 0.064 1.785 -3.765 198.78 105.66 -52.14 3.175 1.346 2.978
32.433 -8.73 -3.188 -0.89 -0.08 1.458 -3.329 199.32 105.24 -52.08 3.175 1.348 2.98
32.448 -8.74 -3.177 -0.892 -0.432 1.164 -2.841 199.38 104.46 -52.02 3.175 1.348 2.981
32.478 -8.752 -3.181 -0.898 -0.592 0.988 -2.41 199.32 104.04 -52.44 3.175 1.348 2.983
32.493 -8.736 -3.204 -0.896 -0.69 1.043 -1.937 199.62 104.46 -52.26 3.176 1.347 2.984
32.508 -8.741 -3.197 -0.91 -0.916 1.125 -1.526 199.44 104.16 -52.56 3.176 1.347 2.986
32.537 -8.749 -3.187 -0.922 -1.032 1.235 -1.295 199.2 103.679 -53.4 3.176 1.347 2.986
32.552 -8.747 -3.181 -0.934 -1.174 1.443 -1.153 199.02 103.5 -53.7 3.176 1.344 2.987
32.567 -8.751 -3.156 -0.94 -1.303 1.624 -1.112 199.14 103.979 -53.7 3.177 1.341 2.987
32.598 -8.758 -3.152 -0.954 -1.252 1.792 -1.069 198.42 103.74 -53.46 3.177 1.339 2.988
32.613 -8.759 -3.163 -0.96 -1.322 1.945 -0.977 199.079 103.44 -52.919 3.177 1.337 2.988
32.628 -8.753 -3.145 -0.963 -1.418 1.962 -0.835 198.54 103.62 -52.859 3.177 1.335 2.987
32.658 -8.738 -3.146 -0.954 -1.209 1.914 -0.672 198.119 104.16 -52.799 3.177 1.333 2.987
32.673 -8.746 -3.149 -0.962 -0.982 1.793 -0.511 198.54 104.22 -52.98 3.178 1.331 2.987
32.688 -8.772 -3.146 -0.972 -0.887 1.58 -0.399 198.359 104.52 -52.92 3.178 1.328 2.987
32.718 -8.793 -3.136 -0.979 -0.691 1.388 -0.312 198.599 104.88 -53.04 3.18 1.324 2.987
32.732 -8.797 -3.148 -0.964 -0.412 1.34 -0.195 198.959 105.24 -52.8 3.182 1.32 2.987
=======
29.339 3.47 3.98 9.2 -0.85 -0.63 -1.92 236.21 -74.33 71.57 0.0 0.65 0.68
29.355 3.49 4.0 9.19 -0.44 -0.6 -2.07 236.57 -74.33 71.45 0.0 0.65 0.68
29.371 3.48 4.0 9.17 0.14 -0.43 -2.19 236.93 -73.85 70.85 0.0 0.65 0.68
29.399 3.49 4.0 9.15 0.52 -0.43 -2.35 237.11 -73.43 70.31 0.0 0.65 0.68
29.414 3.49 4.03 9.13 0.62 -0.35 -2.42 236.87 -73.55 70.19 0.0 0.65 0.68
29.43 3.45 4.02 9.09 1.16 -0.21 -2.41 237.17 -73.49 70.85 0.0 0.65 0.68
29.459 3.48 3.99 9.08 1.52 -0.16 -2.37 237.23 -73.91 70.55 0.0 0.65 0.68
29.474 3.49 4.0 9.02 1.27 -0.11 -2.28 237.47 -73.43 69.95 0.0 0.65 0.68
29.489 3.46 3.97 8.98 1.33 -0.1 -2.25 238.67 -73.31 69.95 0.0 0.65 0.68
29.52 3.47 3.95 8.94 1.16 -0.25 -2.19 238.61 -72.89 70.25 0.0 0.65 0.68
29.534 3.47 3.95 8.9 0.91 -0.26 -1.97 239.09 -72.89 70.37 0.0 0.65 0.68
29.549 3.44 3.93 8.88 0.83 -0.3 -1.72 238.73 -73.13 70.49 0.0 0.65 0.68
29.595 3.45 3.92 8.87 0.46 -0.48 -1.49 238.31 -72.71 70.79 0.0 0.65 0.68
29.596 3.45 3.9 8.87 0.01 -0.57 -1.29 238.07 -72.95 71.15 0.0 0.65 0.68
29.611 3.47 3.87 8.87 -0.49 -0.71 -1.27 237.95 -73.55 71.39 0.0 0.65 0.68
29.639 3.48 3.89 8.86 -1.41 -0.67 -1.27 238.07 -73.31 70.91 0.0 0.65 0.68
29.654 3.46 3.9 8.89 -1.78 -0.37 -1.18 238.01 -73.25 70.61 0.0 0.65 0.68
29.684 3.45 3.9 8.94 -2.01 0.0 -1.04 237.77 -73.25 70.49 0.0 0.65 0.68
29.7 3.47 3.93 8.98 -2.53 0.31 -1.01 237.29 -73.61 70.37 0.0 0.65 0.68
29.715 3.48 3.94 9.02 -2.68 0.48 -1.06 237.17 -73.97 69.65 0.0 0.65 0.68
29.729 3.48 3.95 9.05 -2.89 0.46 -1.08 237.29 -73.97 70.13 0.0 0.65 0.68
29.76 3.5 3.97 9.09 -3.06 0.24 -1.14 237.65 -74.09 69.53 0.0 0.65 0.68
29.774 3.52 3.97 9.14 -2.86 0.03 -1.26 238.31 -74.63 68.99 0.0 0.65 0.68
29.789 3.53 3.98 9.14 -2.66 -0.06 -1.36 238.73 -74.69 68.93 0.0 0.65 0.68
29.819 3.53 3.99 9.16 -2.1 -0.01 -1.35 238.67 -73.67 68.87 0.0 0.65 0.68
29.834 3.52 3.98 9.18 -1.52 0.01 -1.37 238.07 -73.91 69.23 0.0 0.65 0.68
29.85 3.53 3.99 9.16 -1.23 -0.07 -1.64 237.77 -73.73 69.17 0.0 0.65 0.68
29.879 3.56 3.98 9.13 -0.77 -0.09 -1.87 237.41 -73.49 69.17 0.0 0.65 0.68
29.894 3.56 3.97 9.13 -0.38 0.0 -1.87 237.53 -73.13 69.17 0.0 0.65 0.68
29.91 3.54 3.98 9.11 -0.17 0.09 -1.92 237.53 -73.01 69.29 0.0 0.65 0.68
29.94 3.54 3.97 9.1 0.22 0.03 -2.14 237.53 -72.77 68.57 0.0 0.65 0.68
29.954 3.55 3.96 9.09 0.4 0.0 -2.22 237.17 -72.29 68.33 0.0 0.65 0.68
29.971 3.52 3.99 9.08 0.43 0.1 -2.13 236.75 -71.87 68.63 0.0 0.65 0.68
30.001 3.53 3.98 9.11 0.73 0.1 -2.15 236.15 -71.51 68.75 0.0 0.65 0.68
30.015 3.54 3.99 9.1 0.7 0.11 -2.14 235.97 -72.17 68.93 0.0 0.65 0.68
30.029 3.54 3.99 9.11 1.02 0.13 -2.17 237.23 -72.23 68.87 0.0 0.65 0.68
30.059 3.54 4.01 9.13 1.16 0.02 -2.24 236.99 -72.83 68.99 0.0 0.65 0.68
30.074 3.53 4.03 9.14 1.1 -0.06 -2.31 238.01 -72.65 68.33 0.0 0.65 0.68
30.089 3.5 4.03 9.14 1.37 0.04 -2.42 238.13 -73.13 68.21 0.0 0.65 0.68
30.121 3.52 4.03 9.16 1.68 0.22 -2.61 238.25 -73.37 68.21 0.0 0.65 0.68
30.134 3.55 4.05 9.16 1.71 0.74 -2.71 238.37 -73.25 68.45 0.0 0.65 0.68
30.15 3.53 4.08 9.18 2.0 1.52 -2.79 238.49 -73.49 68.93 0.0 0.65 0.68
30.18 3.53 4.09 9.21 2.42 1.97 -2.99 237.9 -73.85 68.93 0.0 0.65 0.68
30.194 3.52 4.13 9.2 2.47 2.29 -3.2 238.38 -73.61 69.05 0.0 0.65 0.68
30.21 3.52 4.15 9.25 2.9 2.67 -3.55 238.61 -73.37 68.69 0.0 0.65 0.68
30.24 3.53 4.19 9.28 3.07 3.12 -3.82 237.95 -73.55 68.75 0.0 0.65 0.68
30.255 3.52 4.22 9.31 3.63 3.85 -3.93 238.25 -73.13 69.29 0.0 0.65 0.68
30.269 3.52 4.25 9.37 4.56 4.47 -4.2 238.25 -73.61 69.89 0.0 0.65 0.68
30.3 3.55 4.27 9.4 5.17 4.77 -4.59 237.95 -73.55 70.07 0.0 0.65 0.68
30.314 3.52 4.32 9.4 5.88 5.22 -4.96 237.65 -73.49 70.49 0.0 0.65 0.68
30.329 3.47 4.35 9.44 7.0 5.63 -5.52 237.41 -74.09 70.37 0.0 0.65 0.68
30.36 3.47 4.38 9.46 7.8 5.87 -6.07 236.93 -74.33 70.73 0.0 0.65 0.68
30.374 3.45 4.43 9.47 8.53 6.63 -6.41 237.35 -74.03 71.03 0.0 0.65 0.68
30.39 3.41 4.46 9.51 9.59 7.59 -6.72 237.35 -74.75 71.03 0.0 0.65 0.68
30.42 3.37 4.5 9.51 10.39 8.5 -7.08 236.69 -74.45 72.05 0.0 0.65 0.68
30.434 3.33 4.54 9.53 11.46 9.6 -7.6 236.09 -74.09 72.41 0.0 0.65 0.68
30.45 3.29 4.57 9.54 12.65 10.59 -8.28 234.89 -74.45 72.17 0.0 0.65 0.68
30.479 3.25 4.62 9.53 13.59 11.58 -8.85 234.11 -74.39 73.07 0.0 0.65 0.68
30.494 3.21 4.67 9.55 14.94 12.57 -9.34 233.69 -74.21 73.37 0.0 0.65 0.68
30.51 3.17 4.71 9.56 16.24 13.4 -9.72 233.69 -74.21 73.73 0.0 0.65 0.68
30.539 3.12 4.77 9.57 17.49 14.03 -9.92 232.61 -73.61 74.69 0.0 0.65 0.68
30.554 3.04 4.83 9.57 19.02 14.66 -10.18 231.89 -73.25 75.17 0.0 0.65 0.68
30.569 3.0 4.88 9.55 20.74 15.2 -10.63 231.35 -73.55 76.19 0.0 0.65 0.68
30.6 2.94 4.93 9.53 22.54 15.87 -11.0 230.93 -72.65 77.21 0.0 0.65 0.68
30.614 2.88 4.99 9.52 24.05 16.64 -11.19 230.75 -72.59 77.63 0.0 0.65 0.68
30.63 2.83 5.07 9.49 25.39 17.17 -11.27 230.27 -72.23 78.47 0.0 0.65 0.68
30.66 2.77 5.1 9.46 26.95 17.7 -11.16 230.75 -71.87 79.79 0.0 0.65 0.68
30.674 2.7 5.19 9.44 28.38 18.27 -11.13 230.27 -71.75 80.51 0.0 0.65 0.68
30.69 2.61 5.26 9.39 30.05 18.93 -11.22 229.55 -71.75 81.35 0.0 0.65 0.68
30.719 2.54 5.31 9.33 31.75 19.74 -11.22 228.35 -71.51 82.07 0.0 0.65 0.68
30.735 2.47 5.39 9.28 33.3 20.79 -11.22 228.11 -71.39 83.15 0.0 0.65 0.68
30.75 2.41 5.46 9.22 34.54 21.8 -11.3 228.0 -71.03 83.87 0.0 0.65 0.68
30.779 2.31 5.53 9.1 35.23 22.82 -11.26 226.98 -70.37 84.29 0.0 0.65 0.68
30.795 2.23 5.61 9.02 36.13 23.9 -11.24 226.02 -70.73 84.65 0.0 0.65 0.68
30.81 2.13 5.68 8.94 37.06 25.21 -11.28 225.24 -70.91 85.91 0.0 0.65 0.68
30.84 2.03 5.76 8.82 37.7 26.82 -11.3 224.7 -70.61 86.46 0.0 0.65 0.68
30.854 1.95 5.84 8.71 38.22 28.44 -11.23 223.62 -70.73 87.06 0.0 0.65 0.68
30.869 1.85 5.92 8.58 38.54 30.14 -11.01 222.36 -70.55 87.84 0.0 0.65 0.68
30.914 1.75 5.98 8.48 38.76 31.61 -10.93 221.45 -69.89 88.86 0.0 0.65 0.68
30.916 1.65 6.09 8.37 38.25 33.06 -11.01 220.74 -69.17 89.94 0.0 0.65 0.68
30.93 1.56 6.18 8.21 37.88 34.54 -11.0 219.66 -68.45 90.78 0.0 0.65 0.68
30.96 1.48 6.27 8.06 38.08 36.32 -10.87 218.64 -67.67 92.52 0.0 0.65 0.68
30.974 1.39 6.35 7.96 38.31 37.7 -10.78 217.61 -67.01 93.3 0.0 0.65 0.68
30.99 1.33 6.45 7.81 37.68 38.38 -10.61 216.11 -65.27 94.56 0.0 0.65 0.68
31.019 1.24 6.56 7.65 37.09 38.63 -10.24 214.68 -63.95 95.04 0.0 0.65 0.68
31.035 1.14 6.65 7.56 36.53 38.39 -9.95 212.88 -63.11 96.6 0.0 0.65 0.68
31.05 1.06 6.78 7.42 35.67 38.07 -9.8 211.98 -62.21 97.38 0.0 0.65 0.68
31.08 0.98 6.87 7.32 35.26 37.87 -9.5 211.56 -60.71 98.28 0.0 0.65 0.68
31.094 0.93 6.97 7.24 34.69 37.76 -9.03 210.18 -60.05 99.18 0.0 0.65 0.68
31.109 0.87 7.08 7.13 34.22 37.59 -8.75 208.98 -59.21 100.49 0.0 0.65 0.68
31.14 0.81 7.13 7.09 34.3 37.21 -8.85 208.26 -59.34 101.33 0.0 0.65 0.68
31.154 0.74 7.25 7.02 33.73 36.7 -8.97 207.3 -59.45 101.58 0.0 0.65 0.68
31.17 0.65 7.35 6.99 33.85 36.43 -9.11 206.7 -59.09 102.78 0.0 0.65 0.68
31.2 0.55 7.42 6.92 34.3 36.26 -9.44 205.86 -58.73 103.38 0.0 0.65 0.68
31.214 0.49 7.51 6.83 35.0 35.79 -9.95 205.2 -58.07 103.92 0.0 0.65 0.68
31.23 0.41 7.58 6.75 36.03 35.5 -10.38 204.06 -57.65 103.74 0.0 0.65 0.68
31.274 0.29 7.65 6.68 36.57 34.92 -10.93 203.1 -56.57 104.7 0.0 0.65 0.68
31.275 0.19 7.72 6.56 36.45 34.43 -11.7 201.18 -55.85 105.18 0.0 0.65 0.68
31.29 0.08 7.79 6.41 36.42 34.59 -12.47 200.46 -54.53 105.78 0.0 0.65 0.68
31.319 -0.03 7.86 6.33 36.77 35.03 -13.06 199.14 -53.93 106.13 0.0 0.65 0.68
31.335 -0.15 7.95 6.21 36.49 35.4 -13.27 198.0 -52.31 106.91 0.0 0.65 0.68
31.349 -0.26 8.0 6.06 36.18 35.87 -13.37 197.04 -51.11 106.8 0.0 0.65 0.68
31.38 -0.33 8.01 5.9 35.97 36.01 -13.63 195.47 -50.27 107.39 0.0 0.65 0.68
31.394 -0.41 8.07 5.79 35.74 36.25 -13.9 194.09 -49.38 107.94 0.0 0.65 0.68
31.424 -0.53 8.12 5.7 35.7 36.58 -14.11 192.17 -48.53 108.3 0.0 0.65 0.68
31.439 -0.6 8.17 5.58 35.93 36.77 -14.27 191.16 -47.52 108.6 0.0 0.65 0.68
31.455 -0.65 8.24 5.45 36.89 36.73 -14.24 189.48 -46.92 108.84 0.0 0.65 0.68
31.469 -0.72 8.29 5.33 38.55 35.88 -14.15 188.28 -46.07 109.08 0.0 0.65 0.68
31.499 -0.81 8.33 5.19 40.24 34.13 -14.19 186.48 -45.59 109.32 0.0 0.65 0.68
31.514 -0.91 8.37 5.02 41.75 31.89 -14.4 185.88 -44.99 108.83 0.0 0.65 0.68
31.53 -0.99 8.42 4.86 43.33 29.57 -14.67 183.96 -44.51 108.47 0.0 0.65 0.68
31.56 -1.08 8.46 4.7 44.83 27.24 -14.75 182.16 -43.19 108.6 0.0 0.65 0.68
31.574 -1.2 8.53 4.49 45.65 25.38 -14.65 179.94 -41.93 108.06 0.0 0.65 0.68
31.589 -1.32 8.54 4.32 46.75 23.64 -14.81 178.44 -41.51 107.16 0.0 0.65 0.68
31.62 -1.4 8.56 4.16 46.87 22.45 -15.17 177.54 -41.09 106.86 0.0 0.65 0.68
31.634 -1.5 8.6 3.93 46.1 21.66 -15.45 175.92 -40.19 106.44 0.0 0.65 0.68
31.65 -1.6 8.63 3.75 45.56 21.81 -15.66 174.54 -39.17 105.9 0.0 0.65 0.68
31.679 -1.7 8.67 3.61 44.86 22.68 -15.91 173.76 -38.63 105.12 0.0 0.65 0.68
31.694 -1.78 8.73 3.45 43.83 23.74 -16.14 172.62 -37.01 104.09 0.0 0.65 0.68
31.709 -1.83 8.77 3.31 43.12 24.83 -16.16 171.06 -36.29 103.38 0.0 0.65 0.68
31.74 -1.94 8.8 3.21 42.13 25.85 -16.21 169.86 -34.97 102.9 0.0 0.65 0.68
31.754 -2.04 8.87 3.06 40.79 26.65 -16.54 168.24 -34.07 101.76 0.0 0.65 0.68
31.769 -2.11 8.86 2.98 40.35 27.4 -16.89 167.94 -33.41 100.97 0.0 0.65 0.68
31.799 -2.18 8.9 2.82 39.18 28.57 -16.85 166.26 -32.09 100.5 0.0 0.65 0.68
31.814 -2.28 8.93 2.67 38.69 29.82 -16.71 165.05 -31.01 99.18 0.0 0.65 0.68
31.829 -2.35 8.91 2.57 38.76 31.43 -16.64 164.45 -30.53 98.7 0.0 0.65 0.68
31.859 -2.43 8.89 2.41 38.27 33.22 -16.75 163.49 -29.57 97.5 0.0 0.65 0.68
31.874 -2.48 8.85 2.26 37.83 35.06 -17.08 161.99 -28.67 96.6 0.0 0.65 0.68
31.889 -2.57 8.84 2.1 36.93 37.53 -17.3 160.67 -28.19 96.36 0.0 0.65 0.68
31.919 -2.63 8.82 1.94 36.23 40.12 -17.71 158.93 -26.57 95.58 0.0 0.65 0.68
31.934 -2.65 8.84 1.67 35.83 42.86 -17.97 157.91 -25.68 93.84 0.0 0.65 0.68
31.95 -2.64 8.78 1.48 36.78 45.23 -18.01 157.13 -24.66 93.54 0.0 0.65 0.68
31.981 -2.67 8.79 1.25 37.07 46.82 -17.91 155.99 -23.16 92.76 0.0 0.65 0.68
31.994 -2.69 8.79 1.02 37.61 47.3 -17.92 155.81 -22.86 91.97 0.0 0.65 0.68
32.01 -2.69 8.79 0.76 38.27 46.81 -17.85 155.15 -21.6 91.68 0.0 0.65 0.68
32.039 -2.7 8.78 0.49 39.16 45.32 -17.69 154.01 -20.34 90.78 0.0 0.65 0.68
32.054 -2.71 8.77 0.24 40.07 42.78 -17.4 152.99 -19.55 90.24 0.0 0.65 0.68
32.069 -2.75 8.79 -0.07 40.65 39.66 -16.76 152.39 -18.11 89.64 0.0 0.65 0.68
32.099 -2.74 8.74 -0.34 41.98 35.59 -16.14 151.55 -17.15 88.19 0.0 0.65 0.68
32.114 -2.77 8.71 -0.61 42.5 31.19 -15.47 151.07 -16.55 87.6 0.0 0.65 0.68
32.13 -2.83 8.68 -0.83 42.46 26.73 -15.09 150.23 -15.47 86.75 0.0 0.65 0.68
32.159 -2.9 8.67 -1.03 41.64 22.57 -15.0 149.69 -14.94 85.25 0.0 0.65 0.68
32.174 -2.98 8.68 -1.26 40.36 19.29 -14.82 148.85 -14.34 83.81 0.0 0.65 0.68
32.189 -3.04 8.66 -1.43 39.41 16.91 -14.49 148.37 -12.9 82.73 0.0 0.65 0.68
32.219 -3.12 8.63 -1.55 38.19 15.35 -14.2 147.29 -11.94 81.17 0.0 0.65 0.68
32.234 -3.23 8.64 -1.66 36.28 14.18 -14.19 147.05 -10.85 79.97 0.0 0.65 0.68
32.249 -3.29 8.62 -1.75 34.6 13.23 -14.37 146.75 -9.95 78.71 0.0 0.65 0.68
32.28 -3.36 8.62 -1.83 32.78 12.78 -14.36 145.85 -9.29 77.45 0.0 0.65 0.68
32.294 -3.46 8.62 -1.88 31.24 12.75 -14.16 145.61 -8.45 76.37 0.0 0.65 0.68
32.309 -3.52 8.58 -1.95 30.16 12.9 -13.99 145.19 -7.55 74.51 0.0 0.65 0.68
32.34 -3.59 8.54 -2.02 29.1 13.01 -13.75 144.83 -6.95 73.31 0.0 0.65 0.68
32.354 -3.64 8.49 -2.12 28.21 13.18 -13.43 143.75 -6.35 72.71 0.0 0.65 0.68
32.37 -3.68 8.41 -2.18 28.0 13.25 -13.19 143.57 -5.69 72.05 0.0 0.65 0.68
32.399 -3.72 8.35 -2.28 27.71 12.93 -13.05 143.03 -4.79 70.79 0.0 0.65 0.68
32.414 -3.76 8.31 -2.42 27.25 12.14 -12.79 142.49 -4.49 69.77 0.0 0.65 0.68
32.43 -3.76 8.24 -2.58 27.12 11.25 -12.31 141.71 -3.84 68.51 0.0 0.65 0.68
32.459 -3.84 8.21 -2.79 26.52 10.52 -11.59 141.23 -2.88 67.43 0.0 0.65 0.68
32.475 -3.88 8.12 -2.95 26.34 9.33 -11.08 141.41 -2.1 66.17 0.0 0.65 0.68
32.49 -3.9 8.05 -3.12 25.05 7.96 -10.34 140.93 -1.26 65.93 0.0 0.65 0.68
32.52 -3.93 8.01 -3.27 23.24 6.65 -9.3 140.45 0.17 65.57 0.0 0.65 0.68
32.55 -3.97 7.96 -3.36 21.54 5.21 -8.2 140.39 1.07 64.91 0.0 0.65 0.68
32.551 -4.01 7.93 -3.43 19.2 3.9 -7.16 140.57 1.85 63.65 0.0 0.65 0.68
32.58 -4.05 7.93 -3.47 16.46 2.71 -6.26 140.75 2.51 62.75 0.0 0.65 0.68
32.595 -4.08 7.94 -3.49 13.78 2.04 -5.29 140.63 2.03 61.91 0.0 0.65 0.68
32.61 -4.09 7.95 -3.46 11.52 2.03 -4.3 141.17 2.33 61.49 0.0 0.65 0.68
32.639 -4.1 7.95 -3.38 9.43 2.43 -3.29 141.53 2.93 61.61 0.0 0.65 0.68
32.654 -4.1 7.95 -3.27 7.38 2.91 -2.47 141.41 2.93 61.13 0.0 0.65 0.68
32.67 -4.09 7.99 -3.18 5.26 3.58 -1.94 141.23 2.87 60.95 0.0 0.65 0.68
32.7 -4.07 8.02 -3.09 4.12 4.4 -1.77 141.17 2.69 60.05 0.0 0.65 0.68
32.715 -4.05 8.05 -3.0 3.39 5.29 -1.45 141.53 2.45 59.93 0.0 0.65 0.68
32.729 -4.02 8.09 -2.98 2.9 6.28 -0.97 141.83 2.39 59.99 0.0 0.65 0.68
32.76 -3.96 8.12 -2.97 3.36 6.7 -0.61 142.01 2.81 60.29 0.0 0.65 0.68
32.774 -4.01 8.04 -3.35 3.68 6.72 -0.08 141.83 2.75 60.23 0.0 0.65 0.68
32.79 -3.93 8.04 -3.19 2.07 5.83 0.0 142.01 2.81 60.89 0.0 0.65 0.68
32.819 -3.89 8.08 -3.26 1.13 5.32 0.32 141.53 3.29 61.37 0.0 0.65 0.68
32.834 -3.87 8.08 -3.21 0.53 4.26 0.82 141.29 3.29 61.01 0.0 0.65 0.68
32.85 -3.77 8.1 -3.27 0.15 3.6 1.33 141.17 3.41 61.49 0.0 0.65 0.68
32.879 -3.74 8.07 -3.25 -0.06 2.39 1.67 141.23 3.59 61.55 0.0 0.65 0.68
32.894 -3.71 8.11 -3.26 -1.36 1.09 1.94 141.53 3.05 61.37 0.0 0.65 0.68
32.91 -3.67 8.1 -3.3 -1.68 0.11 1.93 141.23 2.63 61.67 0.0 0.65 0.68
32.939 -3.64 8.1 -3.34 -2.33 -0.85 1.81 140.99 2.51 61.43 0.0 0.65 0.68
32.956 -3.62 8.09 -3.38 -3.12 -1.5 1.86 141.23 2.51 61.55 0.0 0.65 0.68
32.969 -3.51 8.16 -3.05 -3.82 -2.02 1.79 141.35 2.39 61.91 0.0 0.65 0.68
33.015 -3.55 8.16 -3.26 -2.85 -2.13 2.0 141.05 2.57 61.01 0.0 0.65 0.68
33.016 -3.55 8.11 -3.25 -2.6 -3.3 1.73 141.71 1.43 60.83 0.0 0.65 0.68
33.03 -3.51 8.11 -3.4 -3.54 -4.2 1.41 141.83 0.83 60.95 0.0 0.65 0.68
33.059 -3.55 8.1 -3.41 -4.71 -5.41 1.33 142.19 0.59 60.71 0.0 0.65 0.68
33.075 -3.55 8.14 -3.47 -6.55 -5.98 1.75 142.61 0.18 60.17 0.0 0.65 0.68
33.089 -3.58 8.13 -3.48 -7.59 -6.39 2.18 142.31 0.23 60.47 0.0 0.65 0.68
33.12 -3.58 8.15 -3.43 -9.35 -7.37 2.43 142.13 -0.29 60.53 0.0 0.65 0.68
33.134 -3.58 8.16 -3.39 -11.2 -8.23 2.69 141.71 -0.71 61.31 0.0 0.65 0.68
33.15 -3.6 8.19 -3.32 -13.05 -9.09 2.86 141.47 -1.19 61.67 0.0 0.65 0.68
33.18 -3.6 8.21 -3.2 -14.7 -10.23 2.88 141.05 -1.49 62.21 0.0 0.65 0.68
33.195 -3.58 8.23 -3.11 -16.38 -11.42 3.0 140.69 -1.73 63.53 0.0 0.65 0.68
33.209 -3.58 8.25 -2.99 -17.89 -12.46 3.36 140.21 -1.73 64.13 0.0 0.65 0.68
33.239 -3.61 8.27 -2.86 -18.97 -13.75 3.56 140.33 -2.81 64.61 0.0 0.65 0.68
33.255 -3.62 8.28 -2.76 -19.64 -15.14 3.5 140.21 -3.17 65.09 0.0 0.65 0.68
33.27 -3.61 8.28 -2.64 -19.89 -16.56 3.32 139.43 -3.83 66.59 0.0 0.65 0.68
33.3 -3.61 8.29 -2.53 -20.5 -17.83 3.29 139.79 -4.43 67.19 0.0 0.65 0.68
33.316 -3.62 8.32 -2.45 -21.15 -18.88 3.37 140.33 -5.21 67.49 0.0 0.65 0.68
33.329 -3.62 8.33 -2.35 -21.4 -20.11 3.58 140.75 -6.35 67.31 0.0 0.65 0.68
33.362 -3.62 8.35 -2.24 -21.86 -21.21 3.97 141.11 -7.31 67.67 0.0 0.65 0.68
33.375 -3.62 8.37 -2.15 -22.68 -22.22 4.38 141.41 -8.45 67.73 0.0 0.65 0.68
33.389 -3.63 8.4 -2.05 -23.5 -23.12 4.78 142.07 -9.23 68.03 0.0 0.65 0.68
33.419 -3.64 8.43 -1.95 -24.46 -23.89 5.19 142.97 -9.77 68.45 0.0 0.65 0.68
33.435 -3.64 8.45 -1.83 -25.22 -24.41 5.58 143.27 -9.71 69.35 0.0 0.65 0.68
33.45 -3.63 8.49 -1.72 -26.17 -24.84 5.96 143.75 -10.43 70.19 0.0 0.65 0.68
33.495 -3.61 8.49 -1.58 -27.04 -25.32 6.41 144.47 -10.79 70.79 0.0 0.65 0.68
33.496 -3.61 8.52 -1.46 -28.2 -25.79 6.87 144.71 -11.99 71.39 0.0 0.65 0.68
33.509 -3.61 8.52 -1.33 -28.97 -26.33 7.18 145.13 -12.53 72.77 0.0 0.65 0.68
33.539 -3.58 8.52 -1.2 -29.6 -26.63 7.28 145.37 -12.89 73.85 0.0 0.65 0.68
33.554 -3.55 8.51 -1.05 -30.19 -27.05 7.15 145.49 -13.37 75.05 0.0 0.65 0.68
33.569 -3.54 8.53 -0.93 -31.03 -27.39 7.11 146.09 -13.85 75.89 0.0 0.65 0.68
33.599 -3.55 8.53 -0.78 -31.41 -27.83 7.24 146.39 -14.27 76.07 0.0 0.65 0.68
33.615 -3.51 8.52 -0.66 -32.04 -28.31 7.44 146.15 -15.11 77.03 0.0 0.65 0.68
33.63 -3.48 8.56 -0.54 -32.81 -28.57 7.83 146.63 -16.19 77.63 0.0 0.65 0.68
33.659 -3.5 8.58 -0.37 -33.13 -29.04 8.27 146.99 -17.39 78.11 0.0 0.65 0.68
33.674 -3.47 8.6 -0.26 -33.63 -29.76 8.64 147.95 -18.83 78.83 0.0 0.65 0.68
33.69 -3.43 8.61 -0.12 -34.16 -30.68 9.15 148.79 -19.07 80.03 0.0 0.65 0.68
33.719 -3.41 8.63 0.04 -35.0 -31.55 9.98 149.03 -19.91 79.91 0.0 0.65 0.68
33.734 -3.38 8.65 0.22 -35.89 -32.48 11.03 149.69 -20.81 80.93 0.0 0.65 0.68
33.75 -3.34 8.68 0.35 -36.88 -33.38 12.33 150.59 -21.83 81.35 0.0 0.65 0.68
33.779 -3.28 8.67 0.54 -36.92 -34.36 13.56 151.13 -22.73 82.13 0.0 0.65 0.68
33.796 -3.15 8.65 0.76 -37.04 -35.47 14.56 151.73 -24.29 83.21 0.0 0.65 0.68
33.809 -3.1 8.67 0.98 -37.73 -36.49 15.62 152.75 -24.96 84.11 0.0 0.65 0.68
33.84 -3.02 8.67 1.23 -38.03 -37.72 16.48 153.77 -25.86 84.89 0.0 0.65 0.68
33.854 -2.92 8.69 1.44 -38.52 -38.59 17.35 154.55 -26.63 85.55 0.0 0.65 0.68
33.871 -2.84 8.71 1.68 -38.76 -39.29 18.21 154.97 -26.94 86.33 0.0 0.65 0.68
33.9 -2.75 8.76 1.91 -38.74 -39.75 18.89 155.99 -27.35 86.63 0.0 0.65 0.68
33.914 -2.61 8.78 2.14 -38.16 -40.18 19.47 157.25 -27.9 87.41 0.0 0.65 0.68
33.93 -2.51 8.81 2.35 -37.7 -40.75 20.19 158.21 -29.45 88.14 0.0 0.65 0.68
33.959 -2.4 8.85 2.59 -37.14 -41.57 20.94 159.29 -30.77 88.26 0.0 0.65 0.68
33.974 -2.28 8.89 2.79 -36.9 -42.39 21.72 160.37 -32.09 89.22 0.0 0.65 0.68
33.989 -2.18 8.94 2.94 -36.66 -42.94 22.44 161.99 -32.99 89.64 0.0 0.65 0.68
34.019 -2.03 8.92 3.11 -35.43 -43.59 22.84 163.25 -34.01 89.58 0.0 0.65 0.68
34.035 -1.9 8.93 3.26 -34.53 -43.85 23.21 164.03 -35.15 89.76 0.0 0.65 0.68
34.049 -1.74 8.9 3.44 -33.53 -43.98 23.49 165.41 -36.41 90.18 0.0 0.65 0.68
34.079 -1.59 8.88 3.55 -33.27 -43.68 23.77 166.55 -37.91 89.88 0.0 0.65 0.68
34.095 -1.48 8.84 3.66 -33.18 -43.21 23.69 167.57 -39.89 89.7 0.0 0.65 0.68
34.11 -1.36 8.82 3.82 -33.71 -42.76 23.05 169.19 -41.75 90.12 0.0 0.65 0.68
34.139 -1.23 8.84 3.94 -35.0 -41.73 22.22 170.7 -41.93 89.7 0.0 0.65 0.68
34.154 -1.12 8.85 4.05 -35.84 -39.7 21.34 172.2 -43.19 90.24 0.0 0.65 0.68
34.169 -0.98 8.84 4.19 -35.87 -37.09 20.51 173.87 -44.39 89.76 0.0 0.65 0.68
34.199 -0.85 8.85 4.33 -36.37 -34.29 19.96 175.37 -45.65 89.94 0.0 0.65 0.68
34.215 -0.74 8.84 4.46 -37.08 -31.72 19.33 176.88 -47.28 89.76 0.0 0.65 0.68
34.23 -0.61 8.84 4.57 -38.06 -30.04 18.43 178.44 -48.12 89.88 0.0 0.65 0.68
34.26 -0.47 8.82 4.67 -38.79 -29.0 17.56 179.88 -48.95 90.12 0.0 0.65 0.68
34.29 -0.38 8.81 4.81 -38.98 -28.36 16.86 181.38 -50.1 90.9 0.0 0.65 0.68
34.291 -0.26 8.76 4.99 -38.83 -28.12 16.35 183.0 -50.99 91.08 0.0 0.65 0.68
34.32 -0.17 8.74 5.03 -39.01 -27.86 16.25 184.08 -51.35 90.6 0.0 0.65 0.68
34.334 -0.11 8.65 5.13 -37.97 -27.53 16.09 185.94 -52.86 90.66 0.0 0.65 0.68
34.35 -0.02 8.53 5.3 -37.4 -27.55 15.69 186.9 -53.7 90.3 0.0 0.65 0.68
34.379 0.04 8.48 5.39 -38.46 -27.55 15.32 188.46 -54.3 90.3 0.0 0.65 0.68
34.394 0.08 8.39 5.52 -38.83 -27.27 14.75 189.48 -54.84 90.24 0.0 0.65 0.68
34.41 0.15 8.3 5.63 -39.1 -26.63 14.08 190.62 -55.5 90.3 0.0 0.65 0.68
34.44 0.21 8.21 5.78 -39.37 -25.52 13.74 191.7 -57.05 89.93 0.0 0.65 0.68
34.454 0.22 8.15 5.9 -40.26 -24.1 13.51 192.95 -57.84 89.76 0.0 0.65 0.68
34.469 0.29 8.07 6.0 -40.97 -22.77 12.85 194.58 -58.38 89.58 0.0 0.65 0.68
34.499 0.37 8.01 6.08 -41.21 -21.45 12.16 195.95 -58.91 89.76 0.0 0.65 0.68
34.514 0.45 7.9 6.24 -40.83 -20.2 11.61 196.92 -59.88 89.64 0.0 0.65 0.68
34.53 0.54 7.78 6.38 -40.75 -19.7 11.2 197.76 -60.59 89.88 0.0 0.65 0.68
34.56 0.6 7.72 6.42 -40.74 -19.58 10.95 199.08 -60.35 90.24 0.0 0.65 0.68
34.574 0.65 7.61 6.52 -39.61 -20.09 10.47 199.8 -61.07 90.6 0.0 0.65 0.68
34.591 0.73 7.54 6.55 -39.3 -21.12 10.16 201.12 -61.67 90.24 0.0 0.65 0.68
34.619 0.8 7.45 6.6 -38.8 -22.28 10.19 202.2 -62.03 90.12 0.0 0.65 0.68
34.635 0.84 7.35 6.68 -38.34 -23.47 10.17 203.64 -61.91 90.24 0.0 0.65 0.68
34.664 0.93 7.26 6.77 -38.23 -24.55 10.0 204.95 -62.51 90.0 0.0 0.65 0.68
34.679 1.03 7.19 6.84 -38.32 -25.24 10.12 205.5 -62.69 89.7 0.0 0.65 0.68
34.694 1.1 7.1 6.92 -38.48 -25.49 10.55 205.92 -63.11 89.4 0.0 0.65 0.68
34.71 1.18 7.02 6.99 -39.08 -25.56 10.93 207.06 -63.05 89.1 0.0 0.65 0.68
34.74 1.25 6.95 7.08 -40.0 -25.43 11.23 207.9 -63.05 88.61 0.0 0.65 0.68
34.754 1.34 6.86 7.22 -41.3 -25.16 11.55 208.86 -64.13 88.14 0.0 0.65 0.68
34.769 1.45 6.8 7.33 -43.09 -24.81 12.01 210.24 -64.67 87.24 0.0 0.65 0.68
34.799 1.57 6.71 7.49 -44.25 -24.36 12.47 211.2 -65.39 87.12 0.0 0.65 0.68
34.815 1.69 6.6 7.65 -45.28 -24.01 12.92 212.46 -65.81 86.7 0.0 0.65 0.68
34.83 1.84 6.5 7.82 -46.18 -23.6 13.32 213.54 -66.17 86.22 0.0 0.65 0.68
34.86 1.97 6.43 8.01 -46.93 -23.01 13.81 214.44 -65.99 85.68 0.0 0.65 0.68
34.875 2.07 6.34 8.22 -47.26 -22.44 14.22 215.45 -67.01 85.14 0.0 0.65 0.68
34.904 2.18 6.24 8.43 -47.15 -21.79 14.22 217.02 -67.13 84.3 0.0 0.65 0.68
34.919 2.27 6.17 8.66 -47.06 -21.17 13.72 218.16 -68.15 84.24 0.0 0.65 0.68
34.934 2.38 6.08 8.86 -46.46 -20.5 12.85 219.24 -68.99 83.63 0.0 0.65 0.68
34.949 2.51 5.98 9.01 -44.94 -19.75 11.79 219.72 -69.59 82.67 0.0 0.65 0.68
34.979 2.6 5.88 9.18 -42.77 -18.56 10.63 220.5 -69.53 82.37 0.0 0.65 0.68
34.994 2.64 5.78 9.35 -40.2 -17.34 9.16 221.28 -69.71 81.95 0.0 0.65 0.68
35.01 2.67 5.72 9.46 -37.71 -16.01 7.54 222.11 -69.95 81.59 0.0 0.65 0.68
35.04 2.72 5.63 9.51 -34.61 -14.85 5.95 222.72 -69.95 80.99 0.0 0.65 0.68
35.054 2.75 5.53 9.52 -31.17 -13.97 4.34 223.2 -70.55 80.75 0.0 0.65 0.68
35.07 2.76 5.43 9.54 -27.75 -13.36 2.56 224.04 -70.31 80.03 0.0 0.65 0.68
35.099 2.77 5.36 9.51 -25.0 -13.17 1.02 224.1 -70.37 79.97 0.0 0.65 0.68
35.115 2.79 5.26 9.45 -22.18 -12.82 0.11 224.7 -70.37 79.49 0.0 0.65 0.68
35.129 2.8 5.19 9.43 -19.35 -12.11 -0.59 224.63 -70.31 78.83 0.0 0.65 0.68
35.16 2.77 5.12 9.39 -16.92 -11.29 -1.36 225.71 -70.31 78.47 0.0 0.65 0.68
35.174 2.8 5.06 9.38 -14.86 -10.59 -2.04 226.13 -71.21 78.29 0.0 0.65 0.68
35.19 2.81 5.05 9.31 -13.57 -9.69 -2.42 225.95 -71.63 77.87 0.0 0.65 0.68
35.219 2.82 5.04 9.3 -12.03 -8.74 -2.91 225.53 -71.81 77.21 0.0 0.65 0.68
35.235 2.8 5.03 9.24 -11.04 -7.8 -3.32 225.83 -72.23 76.91 0.0 0.65 0.68
35.249 2.81 5.01 9.23 -9.75 -7.08 -3.62 225.71 -72.47 76.31 0.0 0.65 0.68
35.28 2.84 4.99 9.22 -8.83 -6.54 -3.67 225.71 -72.59 75.83 0.0 0.65 0.68
35.31 2.83 5.0 9.21 -8.11 -6.16 -3.68 225.95 -72.47 75.35 0.0 0.65 0.68
35.311 2.82 4.99 9.17 -7.25 -6.06 -3.85 226.01 -72.29 74.93 0.0 0.65 0.68
35.34 2.81 4.98 9.13 -6.34 -6.22 -3.77 226.73 -72.29 75.05 0.0 0.65 0.68
35.354 2.82 4.97 9.14 -5.42 -6.22 -3.33 226.07 -71.99 74.87 0.0 0.65 0.68
35.369 2.79 4.98 9.11 -4.56 -6.27 -3.0 225.77 -71.09 74.34 0.0 0.65 0.68
35.414 2.77 4.95 9.1 -3.91 -6.55 -2.73 225.95 -70.55 74.15 0.0 0.65 0.68
35.415 2.76 4.95 9.07 -3.97 -6.8 -2.18 226.62 -70.61 73.73 0.0 0.65 0.68
35.43 2.77 4.93 9.07 -3.81 -6.73 -1.55 226.13 -71.09 73.49 0.0 0.65 0.68
35.46 2.76 4.91 9.06 -3.94 -6.17 -0.9 226.44 -71.39 73.07 0.0 0.65 0.68
35.474 2.77 4.88 9.07 -3.99 -5.37 -0.36 226.14 -71.69 72.89 0.0 0.65 0.68
35.49 2.78 4.85 9.08 -4.03 -4.15 0.03 226.8 -72.47 72.35 0.0 0.65 0.68
35.52 2.83 4.84 9.08 -3.99 -2.81 0.32 227.09 -72.41 71.93 0.0 0.65 0.68
35.534 2.86 4.83 9.07 -3.9 -1.49 0.62 227.27 -72.71 71.51 0.0 0.65 0.68
35.549 2.9 4.8 9.07 -3.73 -0.64 0.81 227.87 -72.83 71.75 0.0 0.65 0.68
35.58 2.92 4.76 9.05 -3.76 -0.16 0.97 227.99 -72.95 71.39 0.0 0.65 0.68
35.594 2.93 4.75 9.04 -3.7 0.27 1.18 227.93 -73.37 71.21 0.0 0.65 0.68
35.61 2.94 4.7 9.04 -3.16 0.69 1.26 228.05 -73.49 71.33 0.0 0.65 0.68
35.639 2.96 4.68 9.02 -2.98 0.92 1.32 228.11 -72.95 71.39 0.0 0.65 0.68
35.654 2.99 4.67 8.99 -2.8 0.9 1.54 228.05 -72.77 71.09 0.0 0.65 0.68
35.67 3.01 4.67 8.94 -2.36 0.89 1.92 228.35 -72.59 71.51 0.0 0.65 0.68
35.7 3.05 4.64 8.91 -1.73 0.52 2.32 228.41 -72.53 71.81 0.0 0.65 0.68
35.715 3.06 4.62 8.91 -1.36 -0.04 2.66 228.23 -73.07 71.99 0.0 0.65 0.68
35.731 3.06 4.62 8.9 -1.35 -0.68 2.74 228.3 -73.26 71.57 0.0 0.65 0.68
35.761 3.06 4.63 8.87 -1.39 -1.14 2.65 228.3 -73.38 71.33 0.0 0.65 0.68
35.775 3.09 4.66 8.87 -1.4 -1.02 2.72 228.53 -73.26 71.21 0.0 0.65 0.68
35.791 3.15 4.65 8.88 -1.16 -0.84 2.89 229.02 -73.26 71.33 0.0 0.65 0.68
35.864 3.21 4.67 8.87 -1.18 -0.73 3.21 228.66 -73.25 71.57 0.0 0.65 0.68
35.866 3.24 4.68 8.87 -0.79 -0.73 3.37 229.2 -73.79 71.51 0.0 0.65 0.68
35.879 3.24 4.68 8.9 -0.42 -0.98 3.04 229.32 -73.31 71.63 0.0 0.65 0.68
35.88 3.27 4.68 8.92 -0.35 -1.34 2.32 229.8 -73.07 71.03 0.0 0.65 0.68
35.895 3.3 4.72 8.88 -0.4 -1.28 1.74 229.68 -73.19 70.91 0.0 0.65 0.68
35.924 3.31 4.72 8.89 0.09 -0.86 1.39 229.8 -72.71 71.15 0.0 0.65 0.68
35.94 3.34 4.74 8.88 0.22 -0.31 1.18 229.61 -72.17 71.45 0.0 0.65 0.68
35.954 3.35 4.74 8.87 0.38 0.08 1.0 229.8 -72.35 71.27 0.0 0.65 0.68
35.969 3.36 4.72 8.87 0.55 0.07 0.64 229.73 -72.41 70.97 0.0 0.65 0.68
36.001 3.38 4.72 8.84 0.51 -0.02 0.06 229.67 -72.11 70.67 0.0 0.65 0.68
36.016 3.37 4.72 8.8 0.71 0.06 -0.64 230.21 -72.17 70.73 0.0 0.65 0.68
36.045 3.35 4.7 8.81 0.96 0.19 -1.36 230.03 -72.11 70.43 0.0 0.65 0.68
36.06 3.36 4.71 8.77 0.88 0.5 -1.83 229.91 -72.47 70.55 0.0 0.65 0.68
36.074 3.33 4.71 8.73 1.05 0.86 -1.96 229.73 -72.17 70.73 0.0 0.65 0.68
36.104 3.32 4.67 8.79 1.51 0.94 -2.2 229.13 -71.81 71.21 0.0 0.65 0.68
36.12 3.31 4.71 8.74 0.94 0.91 -2.59 229.37 -72.53 70.61 0.0 0.65 0.68
36.135 3.28 4.68 8.74 1.29 0.72 -2.96 229.31 -72.95 70.55 0.0 0.65 0.68
36.15 3.25 4.66 8.73 1.21 0.64 -3.04 229.13 -73.01 70.61 0.0 0.65 0.68
36.179 3.22 4.68 8.68 0.94 0.66 -2.97 229.02 -73.49 70.49 0.0 0.65 0.68
36.194 3.18 4.66 8.65 1.15 0.62 -2.82 229.2 -74.03 70.43 0.0 0.65 0.68
36.209 3.17 4.64 8.66 0.95 0.42 -2.53 229.08 -73.91 70.31 0.0 0.65 0.68
36.239 3.16 4.64 8.64 0.35 0.11 -2.2 229.56 -73.79 70.31 0.0 0.65 0.68
36.255 3.16 4.63 8.63 0.0 -0.16 -1.93 230.15 -74.03 70.19 0.0 0.65 0.68
36.284 3.14 4.62 8.65 -0.34 -0.35 -1.66 229.61 -74.45 70.01 0.0 0.65 0.68
36.3 3.13 4.65 8.63 -0.74 -0.41 -1.3 229.86 -74.57 69.41 0.0 0.65 0.68
36.314 3.13 4.61 8.66 -0.51 -0.65 -0.9 229.44 -74.39 69.71 0.0 0.65 0.68
36.345 3.16 4.64 8.64 -1.21 -0.86 -0.51 229.08 -74.27 70.07 0.0 0.65 0.68
36.359 3.16 4.66 8.66 -1.59 -1.09 -0.32 229.08 -74.51 70.07 0.0 0.65 0.68
36.374 3.19 4.65 8.72 -1.75 -1.18 -0.17 228.78 -73.73 70.61 0.0 0.65 0.68
36.389 3.23 4.68 8.76 -2.22 -0.93 0.07 228.83 -73.43 70.43 0.0 0.65 0.68
36.434 3.25 4.68 8.8 -2.21 -0.53 0.08 228.71 -73.19 70.31 0.0 0.65 0.68
36.436 3.28 4.69 8.83 -2.12 -0.07 -0.09 228.35 -72.95 69.83 0.0 0.65 0.68
36.45 3.3 4.71 8.84 -2.0 0.34 -0.26 227.69 -73.13 70.01 0.0 0.65 0.68
36.481 3.31 4.71 8.85 -1.82 0.49 -0.48 228.23 -73.07 70.19 0.0 0.65 0.68
36.494 3.31 4.71 8.85 -1.94 0.49 -0.63 228.59 -73.31 70.79 0.0 0.65 0.68
36.51 3.32 4.72 8.85 -2.04 0.48 -0.76 228.89 -72.65 70.97 0.0 0.65 0.68
36.554 3.32 4.71 8.87 -1.64 0.45 -0.93 229.43 -72.83 70.55 0.0 0.65 0.68
36.556 3.36 4.7 8.87 -1.11 0.57 -1.09 229.43 -72.83 70.43 0.0 0.65 0.68
36.57 3.35 4.71 8.84 -0.73 0.63 -1.25 229.55 -73.79 70.67 0.0 0.65 0.68
36.615 3.33 4.68 8.85 -0.08 0.49 -1.64 229.37 -73.85 70.61 0.0 0.65 0.68
36.615 3.32 4.69 8.83 0.0 0.42 -2.02 229.79 -74.03 70.19 0.0 0.65 0.68
36.63 3.29 4.7 8.79 0.31 0.64 -2.27 229.79 -74.27 70.79 0.0 0.65 0.68
36.66 3.28 4.67 8.79 0.63 0.94 -2.44 229.85 -73.61 70.85 0.0 0.65 0.68
36.674 3.29 4.7 8.77 0.37 1.4 -2.42 230.21 -74.57 70.73 0.0 0.65 0.68
36.704 3.27 4.69 8.77 0.61 1.71 -2.36 229.73 -74.33 70.49 0.0 0.65 0.68
36.72 3.28 4.68 8.76 0.66 1.75 -2.37 230.03 -74.75 69.83 0.0 0.65 0.68