28.458 -9.109 -4.457 -0.723 1.482 -1.91 -25.576 202.62 109.02 -41.7 3.158 1.31 3.059
28.473 -9.081 -4.545 -0.713 2.599 -2.063 -28.825 203.4 109.679 -41.88 3.159 1.31 3.059
28.488 -9.041 -4.641 -0.713 3.698 -2.361 -32.04 204.18 110.22 -41.22 3.16 1.309 3.06
28.518 -8.996 -4.724 -0.709 4.648 -2.929 -35.302 205.86 110.22 -41.82 3.161 1.308 3.059
28.533 -8.962 -4.79 -0.699 5.523 -3.653 -38.553 207.3 110.58 -41.46 3.162 1.306 3.059
28.548 -8.913 -4.87 -0.671 6.478 -4.487 -41.622 208.26 111.179 -41.819 3.162 1.304 3.059
28.578 -8.827 -4.988 -0.644 7.567 -5.365 -44.409 209.64 111.359 -41.279 3.162 1.303 3.06
28.593 -8.714 -5.14 -0.624 8.348 -6.433 -46.85 211.74 111.9 -40.86 3.162 1.301 3.059
28.608 -8.62 -5.231 -0.578 8.639 -7.749 -49.131 213.3 112.14 -40.5 3.161 1.301 3.058
28.638 -8.538 -5.305 -0.544 9.112 -9.133 -51.382 215.04 112.679 -39.6 3.161 1.3 3.057
28.668 -8.441 -5.438 -0.507 9.766 -10.391 -53.658 217.32 112.92 -39.239 3.159 1.299 3.055
28.669 -8.337 -5.545 -0.46 10.231 -11.544 -56.04 218.94 112.979 -38.7 3.159 1.302 3.052
28.698 -8.22 -5.654 -0.4 10.794 -12.536 -58.564 221.34 113.1 -37.98 3.159 1.306 3.048
28.713 -8.098 -5.791 -0.348 11.48 -13.319 -61.193 222.84 113.519 -36.72 3.159 1.308 3.047
28.728 -7.968 -5.926 -0.274 12.207 -13.867 -63.858 225.48 113.52 -36.24 3.159 1.312 3.045
28.758 -7.841 -6.043 -0.214 13.128 -14.211 -66.545 228.059 113.819 -35.339 3.16 1.315 3.044
28.803 -7.695 -6.175 -0.146 14.292 -14.436 -69.487 231.0 113.759 -34.08 3.161 1.319 3.042
28.804 -7.557 -6.286 -0.066 15.609 -14.49 -72.763 234.54 113.819 -33.18 3.162 1.322 3.043
28.818 -7.402 -6.41 0.007 17.167 -14.329 -76.164 237.3 114.42 -32.1 3.164 1.324 3.043
28.833 -7.208 -6.553 0.1 18.75 -13.838 -79.58 240.48 114.12 -32.04 3.165 1.326 3.042
28.848 -6.986 -6.703 0.197 20.164 -13.183 -82.922 243.599 113.88 -30.72 3.165 1.328 3.041
28.878 -6.772 -6.879 0.279 21.145 -12.554 -86.185 247.92 113.64 -29.399 3.165 1.325 3.04
28.908 -6.54 -7.015 0.373 21.536 -11.712 -89.28 251.399 113.4 -28.08 3.163 1.323 3.04
28.91 -6.282 -7.138 0.472 22.153 -10.508 -92.141 255.719 112.92 -26.879 3.162 1.32 3.038
28.938 -5.971 -7.309 0.553 22.772 -9.019 -94.668 259.559 112.799 -25.68 3.161 1.317 3.036
28.953 -5.658 -7.451 0.641 22.748 -7.503 -96.874 264.239 111.72 -24.599 3.161 1.313 3.032
28.968 -5.348 -7.556 0.721 22.259 -5.868 -98.57 268.44 111.479 -24.119 3.161 1.31 3.028
28.998 -4.99 -7.675 0.81 21.731 -4.081 -99.644 272.04 110.28 -23.279 3.162 1.306 3.022
29.013 -4.619 -7.789 0.9 21.031 -2.387 -100.122 276.48 108.359 -22.32 3.162 1.303 3.018
29.028 -4.253 -7.891 0.977 20.16 -0.867 -99.986 280.979 107.1 -21.3 3.162 1.301 3.014
29.058 -3.887 -7.985 1.04 19.314 0.461 -99.486 284.64 105.72 -20.639 3.164 1.298 3.012
29.073 -3.527 -8.05 1.108 18.581 1.603 -98.643 288.6 104.28 -20.4 3.166 1.296 3.007
29.088 -3.164 -8.13 1.179 18.403 2.541 -97.38 292.8 102.839 -20.159 3.169 1.295 3.004
29.118 -2.784 -8.25 1.234 18.09 3.183 -95.817 296.58 100.739 -20.099 3.172 1.293 3.001
29.133 -2.451 -8.353 1.305 17.263 3.351 -94.03 299.88 98.16 -19.8 3.175 1.292 2.999
29.148 -2.14 -8.444 1.376 16.524 3.406 -91.984 302.76 96.479 -19.2 3.177 1.291 2.995
29.178 -1.822 -8.541 1.45 16.082 3.499 -89.727 306.299 94.259 -17.82 3.18 1.29 2.992
29.193 -1.544 -8.612 1.508 15.712 3.431 -87.337 309.419 92.22 -16.98 3.183 1.289 2.988
29.208 -1.29 -8.698 1.555 15.885 3.402 -84.944 312.9 90.539 -16.259 3.185 1.289 2.985
29.238 -1.007 -8.82 1.602 16.33 3.399 -82.607 315.06 88.979 -15.54 3.188 1.289 2.982
29.254 -0.748 -8.946 1.646 16.204 3.172 -80.351 318.659 86.7 -14.819 3.19 1.289 2.978
29.268 -0.484 -9.018 1.73 15.716 2.703 -78.077 321.0 84.24 -13.919 3.192 1.289 2.978
29.313 -0.251 -9.103 1.815 15.379 2.232 -75.811 323.4 82.32 -13.8 3.194 1.288 2.975
29.327 -0.027 -9.17 1.881 15.062 1.783 -73.415 326.219 80.7 -12.78 3.197 1.29 2.974
29.328 0.214 -9.224 1.936 14.758 1.283 -71.102 329.039 78.96 -11.16 3.196 1.292 2.971
29.358 0.438 -9.242 1.983 14.224 0.625 -69.034 330.84 76.8 -10.2 3.196 1.293 2.97
29.373 0.629 -9.237 2.044 13.594 -0.122 -67.157 332.88 74.399 -9.6 3.196 1.295 2.969
29.388 0.823 -9.244 2.095 13.206 -0.813 -65.527 334.5 72.899 -9.3 3.195 1.296 2.968
29.419 1.074 -9.271 2.149 12.651 -1.422 -64.108 336.06 71.339 -8.82 3.193 1.296 2.966
29.433 1.276 -9.252 2.199 11.738 -2.232 -62.931 337.679 69.359 -8.16 3.191 1.296 2.965
29.463 1.478 -9.164 2.279 11.23 -2.901 -61.751 339.06 67.38 -8.1 3.19 1.297 2.964
29.478 1.695 -9.134 2.307 11.578 -3.151 -60.526 340.559 65.88 -7.08 3.188 1.298 2.962
29.493 1.937 -9.128 2.322 11.638 -3.353 -59.171 342.239 63.6 -5.76 3.187 1.298 2.963
29.508 2.14 -9.079 2.361 11.089 -3.634 -57.555 343.8 61.679 -4.919 3.185 1.297 2.964
29.538 2.35 -9.001 2.401 10.654 -3.691 -55.461 345.0 60.119 -5.159 3.186 1.295 2.963
29.553 2.594 -9.007 2.445 10.422 -3.641 -52.823 346.62 58.739 -4.619 3.186 1.294 2.963
29.583 2.826 -9.0 2.481 9.753 -3.703 -49.683 347.64 57.36 -4.199 3.186 1.292 2.962
29.598 3.055 -8.978 2.51 8.703 -3.78 -45.977 349.02 55.379 -2.94 3.186 1.29 2.963
29.613 3.235 -8.953 2.544 7.325 -3.944 -41.709 349.62 53.339 -2.46 3.187 1.29 2.967
29.628 3.379 -8.915 2.578 5.835 -3.986 -36.857 350.94 52.259 -2.46 3.189 1.289 2.969
29.658 3.498 -8.906 2.574 4.421 -3.854 -31.535 351.479 51.599 -1.68 3.196 1.288 2.971
29.673 3.58 -8.909 2.584 2.694 -3.712 -25.987 352.199 50.879 -1.44 3.203 1.286 2.973
29.688 3.623 -8.879 2.586 0.863 -3.517 -20.437 352.14 50.219 -1.619 3.208 1.285 2.973
29.718 3.661 -8.879 2.593 -0.435 -3.133 -15.1 352.02 49.86 -1.38 3.214 1.284 2.973
29.733 3.659 -8.885 2.595 -1.358 -2.716 -10.191 352.38 49.38 -1.14 3.219 1.283 2.974
29.748 3.621 -8.891 2.592 -1.964 -2.212 -5.829 352.98 49.379 -1.38 3.221 1.282 2.974
29.778 3.583 -8.921 2.58 -2.348 -1.717 -2.077 353.219 49.739 -1.86 3.223 1.282 2.976
29.793 3.508 -8.947 2.593 -2.677 -1.35 1.042 352.74 50.459 -1.859 3.224 1.282 2.976
29.808 3.418 -8.959 2.584 -2.729 -0.929 3.682 353.04 50.4 -2.4 3.225 1.282 2.973
29.838 3.375 -9.013 2.561 -2.724 -0.516 5.909 352.74 50.1 -1.739 3.226 1.281 2.972
29.853 3.322 -9.045 2.561 -3.176 -0.382 7.689 353.039 50.16 -2.28 3.22 1.28 2.97
29.868 3.258 -9.042 2.558 -3.745 -0.368 9.185 352.56 50.519 -2.159 3.215 1.281 2.969
29.898 3.211 -9.059 2.548 -4.114 -0.404 10.551 352.8 51.12 -2.399 3.212 1.281 2.967
29.913 3.153 -9.053 2.529 -4.624 -0.605 11.85 352.259 51.419 -2.819 3.207 1.283 2.966
29.928 3.105 -9.061 2.508 -5.234 -0.864 13.277 351.239 52.2 -2.88 3.202 1.285 2.965
29.958 3.074 -9.063 2.465 -6.038 -1.178 15.041 350.1 52.379 -2.699 3.202 1.286 2.965
29.973 3.034 -9.04 2.432 -6.918 -1.5 17.2 349.44 52.56 -2.279 3.201 1.287 2.963
29.988 2.998 -9.011 2.391 -7.853 -1.752 19.831 349.14 52.5 -2.699 3.201 1.288 2.962
30.018 2.943 -8.978 2.353 -8.896 -2.028 22.86 348.48 53.76 -2.519 3.2 1.288 2.961
30.033 2.869 -8.941 2.315 -9.761 -2.284 26.274 348.0 54.72 -2.759 3.2 1.288 2.959
30.048 2.805 -8.933 2.277 -10.373 -2.475 30.124 346.62 56.1 -2.579 3.2 1.29 2.958
30.078 2.718 -8.924 2.224 -11.129 -2.73 34.334 345.659 56.94 -3.179 3.2 1.292 2.957
30.093 2.609 -8.908 2.173 -11.954 -3.001 38.808 345.0 57.96 -3.119 3.199 1.295 2.955
30.108 2.497 -8.902 2.13 -12.722 -3.244 43.592 343.86 59.459 -3.3 3.199 1.295 2.953
30.138 2.36 -8.903 2.074 -13.447 -3.402 48.503 343.199 61.08 -3.84 3.199 1.294 2.951
30.198 2.184 -8.922 2.017 -14.247 -3.487 53.332 342.0 62.519 -4.92 3.198 1.294 2.951
30.199 1.96 -8.922 1.947 -15.207 -3.447 58.102 340.38 64.5 -5.939 3.198 1.295 2.95
30.213 1.709 -8.932 1.874 -15.794 -3.105 62.751 338.46 67.259 -7.14 3.197 1.297 2.949
30.214 1.469 -9.003 1.792 -16.176 -2.445 67.238 337.08 69.24 -7.68 3.198 1.298 2.948
30.228 1.199 -9.042 1.71 -17.039 -1.658 71.474 335.039 72.12 -8.52 3.197 1.299 2.949
30.258 0.887 -9.037 1.626 -18.038 -0.782 75.411 333.419 74.1 -9.3 3.197 1.298 2.951
30.273 0.574 -9.048 1.553 -18.447 0.305 79.001 331.079 76.679 -10.08 3.197 1.296 2.952
30.288 0.243 -9.059 1.478 -18.681 1.429 82.316 328.259 79.259 -10.739 3.198 1.295 2.954
30.318 -0.093 -9.08 1.398 -19.029 2.412 85.176 326.099 81.659 -11.58 3.198 1.297 2.959
30.333 -0.443 -9.062 1.338 -19.639 3.035 87.562 323.64 83.759 -12.36 3.198 1.297 2.963
30.348 -0.795 -9.001 1.289 -20.051 3.419 89.663 320.699 86.58 -13.26 3.198 1.297 2.967
30.378 -1.135 -8.963 1.238 -20.084 3.605 91.575 317.46 88.74 -13.98 3.199 1.297 2.971
30.394 -1.453 -8.921 1.194 -20.206 3.45 93.287 314.28 90.84 -14.279 3.199 1.296 2.977
30.408 -1.795 -8.827 1.145 -20.38 2.974 94.803 310.32 93.12 -14.76 3.2 1.296 2.982
30.438 -2.149 -8.726 1.089 -20.383 2.337 96.267 306.419 94.62 -15.899 3.2 1.297 2.986
30.453 -2.469 -8.64 1.042 -20.198 1.69 97.574 302.64 97.2 -16.799 3.2 1.298 2.991
30.468 -2.761 -8.53 0.98 -20.219 1.002 98.648 298.739 98.82 -17.459 3.201 1.299 2.996
30.498 -3.058 -8.416 0.927 -20.352 0.432 99.451 294.359 101.16 -18.479 3.202 1.298 3.001
30.513 -3.399 -8.249 0.853 -20.207 0.303 100.143 290.039 103.08 -19.559 3.202 1.297 3.003
30.528 -3.726 -8.118 0.777 -19.623 0.8 100.873 285.419 105.42 -20.459 3.202 1.296 3.007
30.558 -4.047 -7.971 0.705 -19.158 1.703 101.567 281.34 107.339 -20.819 3.203 1.295 3.01
30.573 -4.355 -7.829 0.629 -18.667 2.998 102.038 277.259 109.259 -22.259 3.203 1.294 3.014
30.588 -4.659 -7.668 0.56 -18.159 4.622 102.463 273.479 110.519 -23.279 3.203 1.294 3.018
30.618 -4.954 -7.501 0.498 -17.358 6.406 102.625 269.58 111.179 -24.659 3.204 1.293 3.02
30.633 -5.23 -7.357 0.425 -16.264 8.077 102.442 266.1 112.019 -25.499 3.204 1.291 3.018
30.648 -5.535 -7.218 0.348 -15.523 9.514 102.096 262.019 112.38 -26.459 3.204 1.29 3.015
30.678 -5.884 -7.026 0.28 -15.14 10.689 101.774 258.12 113.16 -27.6 3.204 1.289 3.011
30.693 -6.233 -6.855 0.201 -14.561 11.43 101.374 253.799 113.639 -28.439 3.203 1.289 3.012
30.708 -6.532 -6.706 0.149 -14.111 11.736 100.725 249.419 114.299 -28.98 3.203 1.288 3.008
30.738 -6.83 -6.512 0.095 -13.761 11.617 99.634 245.279 114.479 -29.999 3.202 1.288 3.002
30.753 -7.136 -6.331 0.018 -13.032 11.186 98.067 241.079 114.479 -31.2 3.201 1.287 2.997
30.768 -7.444 -6.127 -0.039 -12.074 10.554 95.987 237.06 114.539 -31.38 3.2 1.288 2.99
30.798 -7.73 -5.925 -0.111 -11.055 9.855 93.296 232.98 114.66 -32.1 3.198 1.287 2.983
30.813 -8.051 -5.73 -0.193 -10.28 9.001 90.102 228.959 115.559 -33.36 3.196 1.288 2.977
30.828 -8.353 -5.494 -0.236 -9.728 8.532 86.445 224.64 115.919 -34.32 3.195 1.287 2.976
30.858 -8.604 -5.261 -0.286 -8.539 8.516 82.361 220.8 116.28 -34.679 3.193 1.287 2.972
30.873 -8.793 -5.117 -0.341 -7.061 8.825 77.858 217.38 116.58 -35.58 3.191 1.287 2.971
30.889 -8.944 -4.912 -0.379 -6.078 9.418 72.997 214.98 116.58 -36.54 3.19 1.286 2.965
30.918 -9.078 -4.716 -0.426 -5.056 10.242 67.944 212.1 116.1 -37.379 3.187 1.286 2.966
30.933 -9.176 -4.545 -0.463 -4.151 11.283 63.011 209.58 115.5 -37.859 3.186 1.287 2.967
30.948 -9.253 -4.365 -0.483 -3.45 12.468 58.193 207.66 114.54 -38.339 3.184 1.288 2.969
30.978 -9.312 -4.178 -0.525 -2.974 13.848 53.692 205.38 113.58 -39.059 3.182 1.288 2.971
30.993 -9.376 -4.037 -0.577 -2.523 15.211 49.361 203.219 112.98 -39.899 3.181 1.29 2.971
31.008 -9.377 -3.887 -0.596 -2.346 16.498 45.29 202.079 111.96 -40.199 3.18 1.292 2.973
31.038 -9.392 -3.762 -0.636 -2.111 17.423 41.547 200.76 111.36 -40.679 3.179 1.294 2.974
31.053 -9.394 -3.664 -0.686 -2.103 17.954 38.082 199.14 110.22 -41.459 3.178 1.297 2.976
31.068 -9.418 -3.562 -0.721 -2.364 17.961 34.764 198.119 109.44 -42.239 3.179 1.296 2.978
31.098 -9.462 -3.448 -0.763 -2.457 17.68 31.612 196.14 108.3 -42.9 3.179 1.297 2.979
31.113 -9.495 -3.351 -0.801 -2.079 17.137 28.669 194.88 107.88 -43.56 3.179 1.297 2.979
31.128 -9.512 -3.301 -0.853 -1.366 16.257 25.739 194.04 106.92 -44.76 3.179 1.297 2.978
31.158 -9.524 -3.262 -0.893 -0.895 14.99 22.876 193.08 106.8 -45.839 3.18 1.298 2.978
31.173 -9.523 -3.239 -0.921 -0.561 13.22 20.145 192.48 106.8 -46.68 3.181 1.298 2.977
31.188 -9.52 -3.193 -0.942 -0.27 11.144 17.609 191.64 106.44 -46.68 3.183 1.296 2.979
31.218 -9.501 -3.159 -0.958 0.124 9.02 15.27 190.38 106.02 -47.1 3.184 1.294 2.979