25.122 0.734 9.446 -2.21 -0.393 1.311 -1.717 141.78 198.78 -2.34 3.008 1.112 2.684
25.151 0.739 9.454 -2.205 -0.473 1.186 -1.648 142.079 198.359 -2.4 3.008 1.113 2.683
25.167 0.741 9.462 -2.195 -0.57 1.116 -1.599 142.8 198.72 -2.28 3.007 1.114 2.681
25.181 0.743 9.456 -2.188 -0.575 1.039 -1.545 142.62 198.66 -2.46 3.007 1.115 2.68
25.211 0.748 9.446 -2.182 -0.569 0.944 -1.506 142.68 198.479 -2.04 3.007 1.115 2.68
25.226 0.745 9.455 -2.173 -0.644 0.826 -1.485 142.739 198.06 -2.58 3.006 1.116 2.679
25.241 0.749 9.456 -2.167 -0.653 0.774 -1.413 142.739 198.54 -2.579 3.006 1.116 2.679
25.271 0.746 9.452 -2.17 -0.595 0.664 -1.332 142.92 198.0 -2.639 3.006 1.117 2.678
25.286 0.743 9.456 -2.171 -0.596 0.59 -1.242 143.399 197.76 -2.76 3.006 1.117 2.678
25.301 0.751 9.462 -2.171 -0.699 0.572 -1.163 143.34 198.3 -2.7 3.006 1.116 2.678
25.331 0.753 9.475 -2.17 -0.78 0.566 -1.116 142.859 198.3 -2.94 3.006 1.116 2.678
25.346 0.752 9.479 -2.173 -0.742 0.511 -1.09 142.44 198.84 -3.0 3.005 1.116 2.677
25.361 0.75 9.486 -2.17 -0.616 0.422 -1.12 141.84 199.079 -2.76 3.005 1.116 2.678
25.391 0.749 9.5 -2.162 -0.367 0.254 -1.216 141.9 199.14 -2.46 3.005 1.115 2.677
25.406 0.72 9.496 -2.177 0.122 0.037 -1.38 141.839 199.56 -2.64 3.005 1.115 2.677
25.421 0.72 9.478 -2.178 0.493 -0.033 -1.38 141.599 199.92 -2.64 3.005 1.114 2.677
25.451 0.712 9.457 -2.195 0.578 -0.092 -1.366 141.599 199.56 -2.4 3.005 1.114 2.676
25.466 0.722 9.46 -2.191 0.254 -0.027 -1.361 141.119 200.16 -1.679 3.005 1.111 2.677
25.481 0.728 9.465 -2.184 -0.076 -0.03 -1.389 140.7 200.34 -1.02 3.005 1.111 2.677
25.511 0.728 9.467 -2.18 -0.218 -0.053 -1.475 140.82 200.34 -0.9 3.005 1.11 2.677
25.526 0.729 9.461 -2.178 -0.219 -0.07 -1.551 140.94 199.62 -0.78 3.005 1.11 2.678
25.556 0.72 9.472 -2.178 -0.141 -0.103 -1.576 141.06 199.739 -0.9 3.005 1.11 2.679
25.571 0.723 9.48 -2.192 -0.127 -0.071 -1.568 141.479 199.32 -1.68 3.005 1.11 2.679
25.586 0.721 9.492 -2.207 -0.354 0.0 -1.541 141.78 198.899 -1.739 3.004 1.111 2.679
25.602 0.754 9.546 -2.188 -0.833 0.105 -1.471 142.14 198.899 -1.619 3.004 1.111 2.68
25.631 0.755 9.636 -2.201 -0.929 0.064 -1.594 142.019 198.42 -1.14 3.004 1.112 2.68
25.646 0.771 9.744 -2.198 -0.431 0.022 -1.737 142.32 198.48 -1.079 3.003 1.113 2.68
25.662 0.787 9.817 -2.212 0.764 -0.165 -1.934 142.98 198.299 -1.979 3.003 1.114 2.68
25.691 0.789 9.901 -2.23 2.093 -0.541 -2.19 143.1 198.299 -1.979 3.002 1.115 2.679
25.706 0.777 10.009 -2.261 3.553 -1.005 -2.51 142.98 197.459 -2.099 3.002 1.116 2.68
25.721 0.777 10.134 -2.281 5.334 -1.274 -3.017 142.92 198.119 -2.28 3.001 1.117 2.679
25.766 0.769 10.199 -2.343 7.438 -1.467 -3.77 142.56 197.88 -2.4 3.0 1.117 2.679
25.768 0.755 10.282 -2.403 9.112 -1.7 -4.574 142.26 197.58 -2.46 2.999 1.118 2.678
25.782 0.741 10.38 -2.453 10.616 -1.956 -5.619 142.38 198.54 -2.46 2.998 1.117 2.677
25.811 0.717 10.47 -2.522 12.425 -2.258 -6.842 142.019 198.18 -3.059 2.996 1.117 2.676
25.826 0.694 10.51 -2.578 14.364 -2.614 -8.036 142.2 198.48 -3.6 2.994 1.116 2.674
25.842 0.646 10.512 -2.664 16.402 -3.032 -9.348 142.26 198.78 -3.9 2.99 1.115 2.671
25.871 0.606 10.492 -2.753 17.965 -3.319 -10.496 142.56 198.96 -3.959 2.985 1.114 2.667
25.886 0.552 10.474 -2.853 19.187 -3.421 -11.623 142.5 199.02 -4.499 2.979 1.113 2.662
25.901 0.49 10.399 -2.946 19.716 -3.368 -12.451 142.74 199.98 -5.459 2.971 1.112 2.654
25.931 0.447 10.346 -3.04 19.24 -3.323 -12.877 143.579 199.98 -5.34 2.962 1.111 2.647
25.946 0.43 10.358 -3.054 18.099 -3.285 -13.09 144.36 200.04 -5.88 2.951 1.11 2.639
25.961 0.403 10.337 -3.082 18.007 -3.491 -13.412 144.78 200.82 -5.94 2.939 1.11 2.631
25.991 0.331 10.244 -3.177 18.5 -3.796 -13.658 144.839 201.12 -6.6 2.927 1.11 2.632
26.006 0.298 10.168 -3.217 18.153 -3.776 -13.569 145.199 202.079 -7.2 2.915 1.11 2.64
26.021 0.247 10.103 -3.284 17.527 -3.629 -13.425 145.619 203.1 -7.38 2.902 1.111 2.65
26.051 0.243 10.03 -3.327 16.312 -3.388 -13.115 146.219 203.099 -7.86 2.887 1.111 2.641
26.066 0.187 10.009 -3.373 14.912 -3.437 -12.847 146.76 203.4 -7.92 2.872 1.111 2.63
26.082 0.149 9.961 -3.398 13.564 -3.465 -12.351 147.42 204.06 -8.22 2.855 1.111 2.618
26.126 0.142 9.965 -3.395 12.75 -3.544 -11.918 147.899 204.42 -7.859 2.841 1.111 2.595
26.127 0.058 9.893 -3.472 12.709 -3.76 -11.683 148.14 205.38 -7.859 2.83 1.11 2.566
26.141 0.02 9.775 -3.522 12.357 -3.828 -11.345 148.679 205.68 -7.559 2.819 1.11 2.534
26.171 -0.006 9.605 -3.556 11.422 -3.854 -11.012 149.459 206.34 -7.499 2.809 1.108 2.509
26.186 0.005 9.473 -3.5 9.706 -3.844 -10.438 150.719 206.519 -6.84 2.799 1.107 2.483
26.201 0.006 9.325 -3.504 8.173 -3.954 -10.014 151.619 206.94 -6.3 2.789 1.105 2.45
26.231 -0.033 9.182 -3.496 6.432 -4.183 -9.498 152.34 207.3 -6.779 2.778 1.104 2.404
26.246 -0.085 9.058 -3.481 4.766 -4.408 -8.841 152.76 208.2 -6.12 2.771 1.102 2.364
26.261 -0.097 8.894 -3.451 3.048 -4.308 -8.175 153.359 209.279 -6.239 2.766 1.102 2.326
26.291 -0.094 8.742 -3.412 1.193 -4.304 -7.469 154.08 209.519 -6.239 2.762 1.102 2.29
26.306 -0.106 8.566 -3.419 -0.786 -4.354 -6.791 154.739 209.7 -5.939 2.758 1.101 2.264
26.321 -0.087 8.454 -3.319 -3.365 -4.516 -6.068 155.34 209.82 -6.18 2.751 1.101 2.244
26.351 -0.151 8.332 -3.294 -5.341 -4.926 -5.187 155.579 210.66 -6.18 2.744 1.101 2.227
26.367 -0.197 8.313 -3.26 -7.364 -5.037 -3.782 155.999 210.36 -6.24 2.737 1.101 2.206
26.381 -0.21 8.279 -3.228 -8.937 -4.992 -2.308 155.88 210.84 -6.36 2.731 1.101 2.174
26.411 -0.229 8.208 -3.187 -10.105 -5.054 -0.752 156.119 211.2 -6.24 2.727 1.102 2.146
26.426 -0.211 8.145 -3.151 -11.47 -5.052 0.729 156.36 210.719 -5.04 2.725 1.103 2.127
26.441 -0.236 8.129 -3.125 -13.224 -5.218 2.086 156.24 210.479 -5.4 2.722 1.104 2.124
26.472 -0.308 8.168 -3.079 -14.645 -5.535 3.397 155.88 210.24 -4.8 2.72 1.105 2.122
26.486 -0.308 8.171 -3.04 -15.341 -5.5 4.377 156.06 210.06 -4.02 2.72 1.106 2.121
26.501 -0.308 8.195 -2.971 -16.122 -5.49 5.154 155.64 209.999 -3.479 2.72 1.108 2.124
26.531 -0.323 8.246 -2.896 -16.178 -5.426 5.74 155.519 209.519 -2.999 2.721 1.109 2.127
26.546 -0.325 8.255 -2.91 -15.481 -5.217 5.929 155.82 209.1 -2.219 2.722 1.11 2.128
26.561 -0.334 8.265 -2.879 -15.491 -4.978 5.796 155.76 209.28 -1.2 2.724 1.111 2.127
26.592 -0.296 8.302 -2.837 -15.678 -4.733 5.491 155.82 208.979 -0.419 2.726 1.112 2.127
26.606 -0.286 8.387 -2.783 -15.554 -4.679 4.916 155.7 208.26 0.659 2.727 1.112 2.124
26.621 -0.301 8.449 -2.724 -14.371 -4.65 4.124 155.459 207.9 0.78 2.728 1.113 2.124
26.651 -0.25 8.401 -2.681 -12.49 -4.266 3.391 155.7 207.78 1.26 2.73 1.113 2.121
26.666 -0.194 8.399 -2.635 -11.135 -3.776 2.587 155.94 207.42 1.739 2.731 1.113 2.118
26.681 -0.233 8.444 -2.64 -10.13 -3.447 1.787 155.339 207.78 2.219 2.734 1.113 2.115
26.711 -0.202 8.498 -2.594 -8.936 -3.003 1.168 155.039 207.84 2.76 2.734 1.113 2.111
26.726 -0.16 8.53 -2.583 -7.567 -2.801 0.612 155.28 207.6 3.12 2.737 1.112 2.107
26.741 -0.156 8.594 -2.51 -6.662 -2.648 0.181 155.04 207.24 4.08 2.74 1.111 2.104
26.771 -0.118 8.63 -2.5 -5.373 -2.313 -0.226 154.92 207.36 3.84 2.741 1.111 2.104
26.786 -0.156 8.679 -2.506 -4.287 -2.202 -0.676 154.92 207.24 4.56 2.742 1.111 2.107
26.801 -0.17 8.694 -2.515 -3.484 -2.113 -0.983 154.68 207.119 4.32 2.743 1.111 2.106
26.833 -0.172 8.748 -2.533 -3.489 -1.84 -1.299 154.5 207.779 4.62 2.744 1.11 2.107
26.846 -0.158 8.89 -2.508 -3.7 -1.417 -1.712 154.68 207.24 5.159 2.744 1.111 2.111
26.861 -0.129 8.891 -2.515 -3.105 -1.23 -2.112 154.44 207.24 5.76 2.745 1.11 2.115
26.892 -0.095 8.835 -2.493 -3.007 -1.295 -2.503 154.62 206.82 6.18 2.743 1.11 2.119
26.907 -0.118 8.842 -2.499 -3.79 -1.255 -3.005 154.92 206.4 5.88 2.743 1.11 2.123
26.921 -0.128 8.881 -2.481 -4.696 -0.819 -3.248 154.26 206.94 5.7 2.742 1.11 2.129
26.951 -0.074 8.899 -2.465 -4.734 -0.434 -3.513 154.26 206.82 5.22 2.74 1.115 2.135
26.966 -0.093 8.832 -2.462 -4.448 -0.361 -4.003 154.019 206.82 5.22 2.741 1.117 2.14
26.981 -0.118 8.778 -2.468 -4.546 -0.154 -4.208 153.78 206.7 4.5 2.741 1.117 2.143
27.011 -0.131 8.77 -2.443 -4.797 0.349 -4.28 154.32 207.0 4.92 2.742 1.117 2.149
27.026 -0.115 8.726 -2.417 -4.279 0.77 -4.556 154.68 207.0 5.52 2.743 1.118 2.156
27.041 -0.186 8.62 -2.442 -3.514 0.861 -5.112 154.2 207.839 6.119 2.744 1.118 2.159
27.071 -0.21 8.582 -2.445 -3.211 1.19 -5.725 154.2 208.2 6.239 2.746 1.119 2.163
27.086 -0.197 8.589 -2.415 -2.19 1.599 -6.439 154.38 208.019 6.299 2.746 1.119 2.166
27.101 -0.229 8.497 -2.414 0.101 1.867 -7.221 155.22 208.619 6.3 2.747 1.12 2.17
27.132 -0.256 8.314 -2.445 2.271 2.285 -7.91 156.36 208.68 7.08 2.746 1.12 2.172
27.146 -0.22 8.214 -2.418 3.341 2.874 -8.551 157.02 208.74 7.02 2.747 1.114 2.173
27.161 -0.19 8.158 -2.393 4.551 3.292 -9.409 157.86 208.74 7.26 2.747 1.113 2.176
27.191 -0.179 8.118 -2.37 6.361 3.729 -10.355 158.339 209.219 7.26 2.746 1.113 2.172
27.206 -0.197 8.066 -2.434 8.419 4.209 -11.087 159.0 209.76 7.2 2.744 1.112 2.166
27.221 -0.167 8.095 -2.389 9.745 4.77 -11.429 159.6 209.639 6.6 2.742 1.112 2.163
27.252 -0.233 8.153 -2.398 11.903 4.863 -11.275 160.44 209.76 5.88 2.74 1.112 2.16
27.267 -0.205 8.065 -2.445 14.441 5.264 -10.643 161.04 209.639 5.16 2.737 1.112 2.151
27.281 -0.16 8.081 -2.459 15.396 5.621 -10.308 161.34 210.06 4.26 2.736 1.112 2.143
27.311 -0.223 8.128 -2.517 15.332 5.645 -10.029 161.459 209.94 3.78 2.736 1.112 2.133
27.326 -0.269 8.198 -2.586 15.061 5.454 -9.344 160.98 209.82 2.82 2.736 1.112 2.123
27.341 -0.327 8.303 -2.635 14.779 5.188 -8.554 161.16 210.6 2.16 2.737 1.112 2.116
27.371 -0.374 8.435 -2.667 14.632 5.006 -7.441 161.28 210.359 1.56 2.738 1.112 2.107
27.386 -0.43 8.459 -2.752 14.841 4.633 -6.267 161.52 209.76 1.44 2.74 1.113 2.101
27.401 -0.456 8.448 -2.821 14.452 4.144 -5.362 160.8 209.16 0.479 2.743 1.113 2.098
27.431 -0.484 8.445 -2.921 12.516 3.59 -4.87 160.44 209.159 -0.36 2.749 1.113 2.097
27.446 -0.487 8.533 -2.942 9.332 3.21 -4.47 160.26 208.859 -1.02 2.755 1.112 2.095
27.476 -0.524 8.611 -2.947 6.783 2.457 -3.734 159.54 209.1 -1.02 2.762 1.111 2.093
27.492 -0.6 8.731 -3.02 5.954 1.629 -2.829 159.84 209.16 -1.68 2.769 1.111 2.097
27.506 -0.634 8.797 -3.095 5.693 1.321 -2.503 159.42 209.34 -1.86 2.779 1.11 2.096
27.521 -0.633 8.821 -3.092 4.696 1.231 -2.284 159.3 209.58 -2.219 2.79 1.11 2.099
27.552 -0.624 8.746 -3.132 3.621 0.696 -1.564 159.24 209.4 -2.4 2.8 1.11 2.097
27.566 -0.609 8.813 -3.188 2.546 0.095 -1.012 158.82 210.06 -2.34 2.811 1.11 2.094
27.581 -0.659 8.865 -3.239 0.859 -0.113 -1.145 157.98 210.54 -3.3 2.823 1.109 2.094
27.611 -0.687 8.882 -3.23 -1.461 -0.025 -0.616 157.739 210.9 -3.42 2.835 1.109 2.094
27.626 -0.661 8.865 -3.254 -3.061 -0.079 0.988 158.34 211.14 -3.9 2.845 1.11 2.088
27.641 -0.613 8.894 -3.278 -4.585 -0.229 2.102 157.859 211.02 -3.9 2.857 1.11 2.081
27.672 -0.674 9.142 -3.3 -6.393 -0.108 2.373 158.7 210.54 -4.139 2.869 1.11 2.08
27.687 -0.665 9.15 -3.282 -8.158 0.664 3.381 158.22 210.42 -3.179 2.878 1.11 2.072
27.701 -0.496 9.128 -3.223 -9.583 0.895 5.515 157.86 210.54 -3.059 2.884 1.11 2.069
27.732 -0.463 9.309 -3.24 -10.738 0.472 7.11 157.619 210.3 -2.94 2.891 1.11 2.064
27.746 -0.5 9.606 -3.241 -11.774 0.893 8.001 156.72 209.76 -2.76 2.899 1.11 2.062
27.762 -0.513 9.664 -3.241 -12.467 1.793 9.211 156.24 209.28 -2.52 2.906 1.111 2.06
27.791 -0.328 9.786 -3.196 -13.351 2.524 11.361 156.24 209.28 -1.799 2.913 1.111 2.063
27.807 -0.212 10.055 -3.154 -13.558 2.607 12.793 156.0 208.8 -1.08 2.919 1.112 2.084
27.823 -0.244 10.34 -3.163 -12.359 2.793 13.128 155.339 207.42 -0.299 2.926 1.112 2.112
27.852 -0.173 10.435 -3.168 -10.806 3.805 13.668 154.74 207.18 0.419 2.929 1.112 2.142
27.866 -0.003 10.424 -3.161 -9.84 4.532 14.327 153.48 206.64 0.72 2.932 1.113 2.177
27.882 0.033 10.527 -3.178 -9.922 4.345 14.527 153.12 206.4 0.839 2.936 1.114 2.213
27.911 0.037 10.787 -3.145 -9.945 4.535 14.146 152.64 205.679 0.96 2.938 1.114 2.254
27.926 0.133 10.829 -3.114 -8.113 5.192 13.094 152.4 205.32 0.96 2.939 1.116 2.295
27.941 0.251 10.687 -3.123 -6.016 5.286 11.773 152.28 205.2 1.199 2.939 1.117 2.335
27.986 0.313 10.665 -3.087 -5.43 4.829 10.479 151.44 205.08 0.84 2.937 1.117 2.375
27.987 0.289 10.716 -3.015 -4.815 4.462 9.11 151.2 204.6 0.959 2.934 1.118 2.413
28.001 0.298 10.636 -2.967 -3.201 4.551 7.664 150.839 203.64 0.84 2.934 1.118 2.433
28.032 0.34 10.431 -2.911 -1.637 4.6 6.477 149.999 204.0 1.2 2.932 1.119 2.454
28.046 0.374 10.287 -2.864 -0.826 4.11 5.511 149.76 203.519 1.2 2.931 1.12 2.479
28.061 0.332 10.212 -2.803 -0.577 3.676 4.525 149.04 203.76 0.96 2.931 1.12 2.501
28.091 0.357 10.131 -2.724 0.184 3.713 3.557 148.079 203.519 0.6 2.931 1.121 2.522
28.106 0.374 9.941 -2.691 1.003 3.582 2.554 147.54 202.98 0.9 2.932 1.121 2.539
28.122 0.361 9.762 -2.666 0.66 3.213 1.918 146.04 202.56 1.44 2.934 1.122 2.557
28.151 0.336 9.718 -2.596 -0.473 2.9 1.631 145.44 202.799 1.44 2.937 1.122 2.575
28.166 0.349 9.669 -2.537 -0.92 2.87 1.201 145.079 202.32 2.159 2.939 1.122 2.593
28.181 0.363 9.562 -2.516 -0.728 2.796 0.397 144.66 202.14 2.34 2.941 1.122 2.611
28.211 0.357 9.465 -2.519 -1.092 2.467 -0.289 144.6 202.56 2.28 2.942 1.123 2.625
28.227 0.366 9.453 -2.482 -2.121 2.135 -0.701 144.36 202.2 2.04 2.943 1.124 2.631
28.241 0.37 9.46 -2.443 -2.646 1.879 -1.119 143.88 202.56 1.92 2.944 1.124 2.635
28.271 0.372 9.427 -2.442 -2.545 1.623 -1.524 144.42 202.14 1.859 2.944 1.126 2.637
28.286 0.387 9.395 -2.446 -2.566 1.363 -1.911 144.48 201.839 2.28 2.944 1.127 2.639
28.301 0.371 9.377 -2.451 -2.898 1.092 -2.155 144.66 202.26 2.34 2.943 1.128 2.639
28.331 0.384 9.388 -2.442 -3.434 0.983 -2.107 145.62 202.38 2.219 2.943 1.129 2.639
28.346 0.4 9.392 -2.443 -3.751 0.936 -2.008 145.859 201.42 2.699 2.942 1.13 2.638
28.361 0.417 9.373 -2.46 -3.994 0.803 -1.821 145.979 201.66 2.579 2.941 1.131 2.638
28.391 0.42 9.361 -2.486 -4.517 0.638 -1.537 146.16 201.48 2.52 2.94 1.132 2.636
28.406 0.441 9.389 -2.472 -5.191 0.612 -1.263 145.92 201.359 2.52 2.94 1.132 2.635
28.421 0.455 9.394 -2.482 -5.479 0.565 -1.085 145.619 201.42 2.34 2.939 1.133 2.634
28.451 0.466 9.382 -2.496 -5.696 0.458 -0.933 145.799 201.48 2.4 2.939 1.133 2.633
28.466 0.479 9.387 -2.497 -6.012 0.321 -0.771 145.499 201.54 3.3 2.938 1.133 2.631
28.481 0.478 9.373 -2.507 -6.116 0.189 -0.682 145.499 201.42 2.94 2.938 1.132 2.631
28.511 0.483 9.364 -2.516 -6.333 0.167 -0.543 145.2 201.599 3.0 2.938 1.132 2.63
28.526 0.482 9.356 -2.518 -6.656 0.132 -0.412 144.78 201.299 3.3 2.938 1.132 2.629
28.541 0.467 9.355 -2.521 -6.929 0.029 -0.295 143.999 201.239 3.72 2.938 1.136 2.629
28.586 0.456 9.36 -2.51 -6.991 0.023 -0.29 144.06 200.1 4.02 2.938 1.137 2.63
28.587 0.456 9.356 -2.496 -6.774 0.019 -0.345 143.76 199.92 4.32 2.938 1.138 2.632
28.601 0.443 9.332 -2.505 -6.424 0.012 -0.354 143.52 199.92 5.039 2.939 1.138 2.635
28.631 0.447 9.322 -2.488 -6.199 0.025 -0.356 143.219 200.7 5.579 2.94 1.139 2.638
28.646 0.444 9.316 -2.477 -6.011 -0.016 -0.38 143.399 200.279 5.88 2.942 1.139 2.642
28.661 0.445 9.298 -2.454 -5.787 0.007 -0.411 143.459 199.739 5.699 2.944 1.14 2.645
28.691 0.442 9.292 -2.436 -5.632 0.042 -0.441 143.459 200.339 6.06 2.946 1.142 2.648
28.706 0.438 9.287 -2.414 -5.49 0.051 -0.504 143.579 200.1 6.299 2.948 1.143 2.652
28.721 0.435 9.293 -2.392 -5.288 0.086 -0.588 144.059 200.1 6.54 2.951 1.143 2.655
28.751 0.443 9.286 -2.366 -5.069 0.164 -0.679 144.719 200.88 5.88 2.953 1.139 2.658
28.766 0.444 9.296 -2.349 -4.981 0.18 -0.718 145.079 201.24 6.359 2.956 1.139 2.66
28.781 0.451 9.32 -2.328 -4.891 0.232 -0.767 145.619 200.94 5.939 2.959 1.138 2.661
28.811 0.452 9.337 -2.306 -4.624 0.219 -0.851 146.039 201.0 5.639 2.962 1.137 2.662
28.826 0.449 9.347 -2.292 -4.31 0.176 -0.948 147.18 200.22 5.459 2.964 1.137 2.662
28.841 0.45 9.364 -2.266 -3.983 0.167 -1.106 147.78 200.1 5.459 2.966 1.137 2.663
28.871 0.45 9.391 -2.244 -3.557 0.067 -1.301 148.38 200.339 5.819 2.967 1.136 2.663
28.886 0.442 9.409 -2.229 -3.044 -0.013 -1.407 148.14 199.619 6.06 2.969 1.135 2.664
28.901 0.449 9.438 -2.216 -2.529 0.002 -1.414 148.079 199.079 6.119 2.97 1.134 2.664
28.931 0.46 9.455 -2.199 -2.09 -0.019 -1.369 147.6 199.319 5.88 2.97 1.135 2.664
28.946 0.46 9.471 -2.188 -1.758 -0.1 -1.362 147.42 198.659 6.18 2.97 1.136 2.664
28.961 0.468 9.479 -2.178 -1.471 -0.198 -1.364 147.539 198.779 6.18 2.97 1.136 2.663
28.991 0.472 9.487 -2.158 -1.22 -0.328 -1.412 146.759 199.2 6.36 2.97 1.138 2.663
29.006 0.474 9.497 -2.139 -0.978 -0.444 -1.512 146.399 198.959 6.36 2.97 1.138 2.662
29.021 0.484 9.483 -2.128 -0.777 -0.49 -1.601 145.62 199.14 6.3 2.969 1.139 2.661
29.051 0.496 9.47 -2.115 -0.746 -0.516 -1.633 145.08 199.44 6.479 2.969 1.14 2.659
29.066 0.505 9.472 -2.107 -0.914 -0.486 -1.598 144.54 199.38 5.939 2.968 1.141 2.658
29.081 0.511 9.467 -2.099 -1.163 -0.434 -1.535 144.959 199.679 5.76 2.967 1.142 2.656
29.111 0.525 9.443 -2.085 -1.439 -0.432 -1.506 145.019 199.739 6.06 2.967 1.142 2.654
29.126 0.533 9.453 -2.07 -1.721 -0.521 -1.563 145.499 199.019 6.42 2.967 1.141 2.653
29.142 0.533 9.458 -2.055 -1.793 -0.579 -1.604 145.44 199.44 6.959 2.967 1.14 2.651
29.171 0.538 9.449 -2.054 -1.771 -0.534 -1.59 144.48 199.92 6.72 2.966 1.139 2.65
29.186 0.529 9.443 -2.057 -1.907 -0.483 -1.477 144.48 199.8 7.56 2.967 1.137 2.649
29.201 0.531 9.449 -2.056 -2.303 -0.415 -1.262 144.06 200.579 7.859 2.967 1.136 2.649
29.231 0.523 9.469 -2.058 -2.681 -0.415 -1.072 144.3 200.22 8.219 2.967 1.134 2.649
29.246 0.524 9.485 -2.06 -3.057 -0.429 -0.899 143.64 199.8 8.399 2.968 1.132 2.65
29.262 0.512 9.497 -2.056 -3.377 -0.453 -0.809 143.339 200.1 9.3 2.969 1.131 2.652
29.291 0.515 9.523 -2.045 -3.496 -0.446 -0.853 143.04 200.16 9.6 2.97 1.129 2.654
29.306 0.51 9.538 -2.036 -3.454 -0.463 -0.964 142.739 200.34 9.66 2.97 1.128 2.656
29.321 0.505 9.528 -2.034 -3.367 -0.394 -1.025 142.559 201.12 10.08 2.971 1.126 2.658
29.351 0.514 9.523 -2.018 -3.4 -0.294 -1.074 143.04 200.64 9.72 2.972 1.125 2.66
29.366 0.506 9.535 -2.001 -3.384 -0.3 -1.196 143.579 200.22 10.02 2.973 1.125 2.662
29.381 0.504 9.542 -1.986 -3.148 -0.283 -1.359 143.64 200.04 9.72 2.973 1.124 2.664
29.412 0.498 9.524 -1.972 -2.754 -0.235 -1.529 144.119 199.8 9.6 2.974 1.124 2.666
29.426 0.493 9.515 -1.953 -2.468 -0.137 -1.629 144.06 200.339 9.66 2.975 1.124 2.667
29.441 0.479 9.507 -1.949 -2.134 -0.007 -1.718 144.42 200.7 10.02 2.975 1.123 2.668
29.472 0.478 9.505 -1.935 -1.939 0.183 -1.757 144.6 200.52 9.6 2.976 1.123 2.668
29.486 0.466 9.5 -1.934 -1.982 0.317 -1.667 144.54 200.1 9.66 2.977 1.123 2.669
29.501 0.456 9.522 -1.931 -2.215 0.503 -1.533 145.2 199.68 9.84 2.977 1.123 2.67
29.531 0.451 9.557 -1.929 -2.475 0.712 -1.46 145.44 200.04 9.84 2.978 1.123 2.672
29.546 0.441 9.595 -1.941 -2.636 0.929 -1.438 144.9 200.099 10.14 2.979 1.123 2.673
29.561 0.442 9.623 -1.937 -2.76 1.167 -1.375 144.96 200.28 10.2 2.979 1.123 2.675
29.591 0.436 9.628 -1.946 -2.877 1.294 -1.302 145.079 200.28 10.559 2.98 1.123 2.677
29.621 0.437 9.656 -1.949 -3.08 1.427 -1.326 145.2 199.8 10.559 2.981 1.123 2.678
29.622 0.431 9.674 -1.957 -3.23 1.575 -1.445 144.899 199.14 10.739 2.981 1.123 2.679
29.651 0.44 9.685 -1.945 -3.396 1.747 -1.582 145.26 199.02 10.139 2.982 1.122 2.68
29.666 0.44 9.678 -1.955 -3.406 1.81 -1.707 145.38 198.78 10.139 2.982 1.123 2.68
29.696 0.451 9.663 -1.952 -3.403 1.892 -1.825 145.8 199.2 10.68 2.982 1.123 2.68
29.711 0.456 9.639 -1.957 -3.474 1.941 -1.953 145.38 199.26 10.02 2.982 1.122 2.678
29.727 0.446 9.616 -1.956 -3.548 1.961 -2.037 144.84 198.359 9.84 2.983 1.122 2.678
29.741 0.443 9.586 -1.949 -3.57 1.974 -2.046 145.74 197.94 10.139 2.983 1.121 2.676
29.771 0.442 9.553 -1.941 -3.625 2.008 -2.051 145.62 198.06 9.899 2.983 1.12 2.675
29.786 0.447 9.532 -1.935 -3.711 2.081 -2.145 145.62 198.06 9.54 2.983 1.12 2.674
29.801 0.448 9.505 -1.921 -3.737 2.163 -2.219 145.379 198.18 10.139 2.983 1.119 2.672
29.831 0.457 9.494 -1.914 -3.736 2.203 -2.219 145.619 198.18 10.26 2.982 1.119 2.671
29.846 0.455 9.509 -1.905 -3.593 2.184 -2.172 146.099 198.3 10.5 2.982 1.119 2.669
29.861 0.463 9.526 -1.886 -3.206 2.219 -2.107 146.579 198.66 10.62 2.982 1.118 2.668
29.906 0.461 9.529 -1.892 -2.699 2.244 -2.037 146.339 198.54 9.66 2.982 1.118 2.667
29.907 0.465 9.534 -1.888 -2.375 2.235 -1.921 146.7 198.66 10.02 2.981 1.118 2.665
29.921 0.474 9.541 -1.881 -2.257 2.19 -1.884 146.999 198.6 9.96 2.981 1.118 2.665
29.952 0.484 9.552 -1.874 -2.173 2.185 -1.969 146.16 199.08 9.48 2.981 1.118 2.664
29.966 0.484 9.565 -1.877 -1.941 2.139 -2.082 146.579 198.9 9.42 2.981 1.119 2.664
29.981 0.486 9.575 -1.872 -1.641 2.073 -2.174 146.579 199.38 9.66 2.98 1.119 2.664
30.011 0.487 9.587 -1.873 -1.219 1.983 -2.219 146.94 199.5 9.42 2.98 1.119 2.664
30.026 0.494 9.575 -1.862 -0.691 1.941 -2.222 146.879 200.16 9.48 2.98 1.121 2.665
30.041 0.501 9.539 -1.875 -0.414 1.883 -2.224 146.399 199.92 9.12 2.979 1.122 2.665
30.071 0.503 9.514 -1.888 -0.693 1.822 -2.249 146.04 200.04 8.879 2.979 1.123 2.665
30.086 0.504 9.531 -1.864 -1.161 1.776 -2.31 145.92 199.679 9.599 2.979 1.124 2.666
30.101 0.488 9.554 -1.862 -1.158 1.735 -2.404 145.5 200.219 10.02 2.979 1.126 2.666
30.131 0.475 9.57 -1.868 -0.829 1.77 -2.393 145.98 200.82 10.379 2.979 1.128 2.667