20.406 1.767 -8.19 5.766 -0.697 0.525 -1.563 318.299 122.819 439.14 1.727 0.876 0.997
20.421 1.764 -8.198 5.771 -0.877 0.583 -1.711 318.479 122.64 439.2 1.726 0.876 0.997
20.451 1.759 -8.202 5.77 -1.193 0.605 -1.867 318.299 123.179 439.02 1.726 0.876 0.997
20.466 1.763 -8.192 5.771 -1.51 0.679 -1.998 318.659 123.059 439.26 1.726 0.876 0.997
20.481 1.762 -8.194 5.769 -1.612 0.683 -2.136 318.06 123.9 438.54 1.726 0.876 0.997
20.511 1.757 -8.198 5.75 -1.692 0.696 -2.251 318.48 123.6 438.84 1.726 0.876 0.996
20.526 1.744 -8.177 5.728 -1.851 0.708 -2.337 318.24 123.119 438.84 1.726 0.877 0.996
20.541 1.741 -8.177 5.725 -1.834 0.788 -2.39 318.18 123.179 439.14 1.726 0.877 0.996
20.571 1.737 -8.159 5.71 -1.846 0.882 -2.411 318.539 123.179 439.02 1.728 0.877 0.997
20.586 1.733 -8.147 5.699 -1.68 0.967 -2.386 318.539 122.58 438.9 1.728 0.878 0.997
20.601 1.737 -8.163 5.698 -1.429 1.049 -2.374 318.84 122.64 438.36 1.729 0.878 0.997
20.631 1.737 -8.173 5.685 -1.361 1.038 -2.387 318.779 122.579 438.42 1.731 0.879 0.997
20.646 1.741 -8.181 5.685 -1.374 1.084 -2.392 318.84 122.159 438.6 1.732 0.879 0.998
20.661 1.746 -8.191 5.689 -1.446 1.084 -2.377 318.6 121.679 438.719 1.733 0.879 0.997
20.691 1.751 -8.187 5.694 -1.477 0.995 -2.408 318.9 121.619 438.66 1.734 0.879 0.997
20.706 1.748 -8.186 5.696 -1.354 0.811 -2.483 318.42 122.1 438.779 1.735 0.879 0.997
20.721 1.752 -8.212 5.708 -1.245 0.65 -2.571 318.6 121.92 438.719 1.736 0.879 0.997
20.751 1.761 -8.22 5.719 -1.474 0.429 -2.696 319.62 121.859 438.3 1.733 0.879 0.997
20.766 1.765 -8.224 5.735 -1.757 0.227 -2.809 319.679 122.4 438.84 1.726 0.879 0.997
20.781 1.768 -8.216 5.741 -1.912 0.041 -2.886 318.84 123.0 439.56 1.719 0.878 0.997
20.811 1.767 -8.211 5.745 -1.867 -0.141 -2.891 319.26 123.18 439.38 1.713 0.878 0.996
20.826 1.772 -8.212 5.749 -1.596 -0.238 -2.835 319.38 123.059 439.38 1.707 0.878 0.996
20.841 1.776 -8.205 5.739 -1.297 -0.316 -2.722 319.5 123.3 439.379 1.7 0.877 0.995
20.871 1.779 -8.191 5.725 -1.031 -0.358 -2.593 319.56 123.84 439.32 1.693 0.877 0.995
20.886 1.788 -8.179 5.721 -0.74 -0.319 -2.422 319.38 123.42 439.38 1.687 0.877 0.995
20.901 1.788 -8.182 5.715 -0.37 -0.279 -2.227 319.32 123.359 438.959 1.68 0.876 0.995
20.931 1.784 -8.16 5.699 -0.067 -0.181 -1.964 318.719 123.96 438.719 1.674 0.876 0.995
20.946 1.784 -8.144 5.683 0.465 -0.003 -1.667 318.24 124.439 438.84 1.669 0.876 0.995
20.961 1.788 -8.135 5.672 1.144 0.074 -1.432 318.18 123.779 438.779 1.668 0.876 0.994
20.991 1.785 -8.132 5.667 1.793 0.145 -1.247 318.84 123.479 438.359 1.668 0.876 0.995
21.007 1.792 -8.131 5.675 2.315 0.263 -1.071 318.3 122.939 439.02 1.668 0.876 0.995
21.021 1.794 -8.135 5.694 2.634 0.29 -0.943 317.939 123.42 439.14 1.666 0.876 0.995
21.051 1.788 -8.135 5.718 2.811 0.261 -0.897 317.939 123.3 439.26 1.665 0.877 0.995
21.066 1.797 -8.149 5.751 3.061 0.318 -0.883 317.88 123.119 439.44 1.665 0.877 0.995
21.081 1.796 -8.166 5.769 3.117 0.314 -0.912 317.999 123.12 439.56 1.665 0.877 0.996
21.111 1.797 -8.157 5.788 2.873 0.354 -0.973 318.24 123.0 439.32 1.664 0.878 0.996
21.126 1.8 -8.158 5.816 2.705 0.412 -1.087 318.3 122.7 439.62 1.662 0.878 0.996
21.141 1.806 -8.159 5.836 2.375 0.443 -1.219 317.94 122.46 439.38 1.663 0.878 0.996
21.171 1.806 -8.154 5.853 1.83 0.483 -1.394 318.0 122.879 439.32 1.662 0.879 0.996
21.186 1.81 -8.152 5.874 1.263 0.444 -1.635 317.28 122.519 438.84 1.662 0.879 0.997
21.201 1.804 -8.15 5.881 0.623 0.328 -1.951 317.22 122.219 439.14 1.661 0.879 0.997
21.231 1.806 -8.137 5.869 -0.101 0.286 -2.294 317.46 121.739 439.02 1.661 0.879 0.997
21.246 1.808 -8.134 5.85 -0.775 0.312 -2.615 317.4 121.319 438.72 1.66 0.879 0.996
21.262 1.809 -8.117 5.829 -1.49 0.303 -2.9 317.46 120.9 438.66 1.66 0.879 0.996
21.292 1.808 -8.086 5.821 -1.929 0.34 -3.157 317.64 121.08 439.08 1.659 0.879 0.996
21.307 1.817 -8.09 5.816 -1.889 0.451 -3.33 316.98 120.78 439.5 1.658 0.878 0.996
21.322 1.837 -8.104 5.801 -1.817 0.564 -3.398 317.1 120.66 439.26 1.657 0.878 0.996
21.351 1.832 -8.105 5.801 -1.618 0.695 -3.438 317.1 121.259 439.5 1.656 0.878 0.995
21.366 1.84 -8.13 5.804 -1.138 0.9 -3.381 317.04 120.96 439.08 1.656 0.877 0.995
21.381 1.848 -8.16 5.808 -0.732 1.17 -3.212 317.76 121.679 439.8 1.655 0.877 0.995
21.411 1.86 -8.186 5.823 -0.376 1.463 -3.014 317.46 122.46 439.38 1.655 0.876 0.995
21.426 1.86 -8.214 5.849 0.024 1.645 -2.768 317.159 122.759 439.44 1.656 0.876 0.994
21.441 1.872 -8.249 5.894 0.43 1.696 -2.493 317.52 123.119 439.439 1.656 0.876 0.994
21.471 1.863 -8.289 5.934 0.76 1.596 -2.343 317.4 123.479 439.2 1.656 0.876 0.994
21.487 1.874 -8.358 5.973 0.925 1.453 -2.206 316.68 122.76 438.719 1.655 0.876 0.994
21.501 1.881 -8.407 6.006 0.595 1.219 -2.058 316.8 123.0 438.12 1.657 0.876 0.994
21.531 1.886 -8.404 6.067 0.038 0.961 -1.946 316.14 123.299 437.939 1.656 0.876 0.994
21.546 1.918 -8.448 6.121 -0.216 0.675 -1.754 316.14 122.099 438.18 1.658 0.876 0.994
21.561 1.929 -8.508 6.158 -0.679 0.288 -1.523 316.26 121.86 438.18 1.658 0.876 0.994
21.591 1.948 -8.527 6.185 -1.363 -0.007 -1.342 315.9 121.5 438.059 1.657 0.876 0.994
21.606 1.965 -8.556 6.219 -1.845 -0.331 -1.168 316.38 120.9 438.419 1.653 0.877 0.994
21.621 1.976 -8.593 6.262 -2.329 -0.726 -1.064 316.439 120.48 438.719 1.645 0.877 0.995
21.651 1.969 -8.623 6.284 -2.791 -1.15 -1.098 316.14 120.539 438.899 1.639 0.878 0.995
21.666 2.004 -8.668 6.301 -3.233 -1.461 -1.136 316.02 120.059 439.38 1.631 0.878 0.995
21.681 1.99 -8.692 6.299 -3.878 -1.841 -1.231 316.08 120.119 440.159 1.631 0.879 0.996
21.711 1.982 -8.712 6.286 -4.368 -2.261 -1.451 315.96 119.759 440.879 1.627 0.879 0.996
21.726 1.967 -8.732 6.243 -4.643 -2.712 -1.814 316.5 119.219 441.9 1.62 0.879 0.996
21.741 1.906 -8.72 6.2 -4.703 -2.998 -2.159 316.74 119.339 442.739 1.614 0.879 0.995
21.771 1.912 -8.734 6.167 -4.166 -3.117 -2.361 316.8 119.52 442.919 1.611 0.879 0.995
21.786 1.891 -8.736 6.099 -3.726 -3.369 -2.641 316.799 119.28 443.16 1.609 0.879 0.995
21.802 1.847 -8.685 6.014 -3.238 -3.394 -2.89 316.739 119.1 443.7 1.621 0.879 0.995
21.831 1.857 -8.655 5.946 -1.977 -3.081 -2.984 317.219 119.1 443.939 1.64 0.879 0.995
21.846 1.867 -8.626 5.876 -0.461 -2.703 -3.052 317.1 118.74 444.9 1.66 0.879 0.994
21.861 1.858 -8.617 5.799 1.491 -2.226 -3.017 317.34 118.38 445.02 1.677 0.878 0.994
21.891 1.88 -8.599 5.749 3.174 -1.729 -2.742 317.7 118.379 445.14 1.694 0.878 0.993
21.906 1.894 -8.558 5.713 4.308 -1.204 -2.509 317.58 118.38 445.739 1.716 0.877 0.993
21.921 1.893 -8.569 5.684 5.284 -0.606 -2.419 317.58 117.9 445.62 1.742 0.877 0.992
21.951 1.973 -8.592 5.651 5.316 -0.2 -2.582 317.28 117.72 445.56 1.743 0.876 0.992
21.966 1.98 -8.482 5.617 4.104 0.065 -3.052 316.86 117.42 446.459 1.739 0.877 0.991
21.981 1.971 -8.44 5.623 3.716 0.373 -3.515 316.679 116.399 447.0 1.734 0.876 0.991
22.011 1.998 -8.432 5.641 3.372 0.596 -4.185 316.799 116.28 447.24 1.717 0.876 0.99
22.026 1.987 -8.388 5.623 2.301 0.917 -4.987 316.38 115.74 447.54 1.696 0.876 0.99
22.041 1.978 -8.308 5.606 1.162 1.507 -5.65 316.26 115.739 447.18 1.673 0.876 0.989
22.071 1.958 -8.199 5.606 0.483 2.308 -6.238 316.38 115.62 448.14 1.658 0.876 0.989
22.086 1.973 -8.082 5.599 1.109 3.44 -6.872 316.919 115.319 448.92 1.636 0.876 0.989
22.101 1.995 -8.138 5.573 2.364 4.84 -7.284 317.52 115.44 449.76 1.611 0.877 0.99
22.131 2.038 -8.068 5.565 2.254 6.199 -7.611 317.58 115.979 450.54 1.586 0.877 0.99
22.146 2.037 -7.999 5.555 3.029 7.479 -7.674 317.7 116.1 450.539 1.584 0.877 0.991
22.161 2.022 -7.972 5.575 4.887 8.794 -7.633 317.58 116.339 450.78 1.588 0.877 0.992
22.191 2.052 -8.026 5.593 6.804 10.217 -7.522 317.28 117.359 450.719 1.592 0.878 0.992
22.206 2.083 -7.998 5.617 7.394 11.38 -7.319 316.979 117.899 450.66 1.596 0.878 1.003
22.221 2.077 -7.953 5.66 8.143 12.177 -7.207 316.499 118.979 451.02 1.599 0.878 1.005
22.251 2.088 -7.985 5.722 9.496 12.792 -7.194 316.439 119.519 451.32 1.603 0.878 1.005
22.266 2.077 -7.994 5.787 9.935 12.916 -7.246 315.96 120.479 451.08 1.605 0.878 1.005
22.281 2.034 -8.034 5.836 9.574 12.796 -7.458 315.0 121.199 450.84 1.608 0.879 1.005
22.312 2.04 -7.847 5.942 9.151 12.725 -7.724 314.64 121.679 450.479 1.612 0.878 1.003
22.326 1.976 -7.837 5.998 11.137 12.23 -7.838 314.159 122.52 450.239 1.615 0.878 1.003
22.341 1.909 -7.861 6.043 12.529 12.063 -7.997 313.38 123.059 450.419 1.619 0.878 1.001
22.371 1.906 -7.788 6.101 12.537 12.027 -7.898 313.439 123.479 450.12 1.618 0.878 1.001
22.386 1.895 -7.665 6.165 12.675 11.776 -7.648 312.84 124.44 450.12 1.616 0.878 1.0
22.401 1.85 -7.65 6.206 13.545 11.646 -7.137 312.179 125.219 449.82 1.616 0.877 0.99
22.431 1.839 -7.569 6.258 13.735 11.52 -6.444 312.12 125.759 449.64 1.625 0.877 0.988
22.446 1.841 -7.521 6.321 13.754 11.327 -5.647 311.64 126.12 449.52 1.642 0.876 0.989
22.461 1.807 -7.5 6.348 13.2 11.105 -4.654 311.1 126.9 449.82 1.662 0.876 0.989
22.491 1.825 -7.43 6.418 12.15 10.974 -3.485 310.92 127.8 449.52 1.683 0.875 0.989
22.506 1.763 -7.451 6.437 11.29 10.252 -2.289 310.2 128.759 449.28 1.704 0.876 0.99
22.521 1.798 -7.401 6.501 9.466 10.109 -0.939 309.419 129.18 448.86 1.725 0.875 0.99
22.551 1.824 -7.259 6.576 7.463 9.635 0.47 309.54 130.02 448.739 1.747 0.875 0.992
22.567 1.767 -7.273 6.592 7.0 8.741 1.601 308.46 131.459 449.219 1.771 0.875 0.993
22.581 1.69 -7.29 6.612 6.254 8.009 2.678 308.88 131.999 448.8 1.795 0.875 0.995
22.611 1.683 -7.256 6.65 5.268 7.458 3.908 308.7 133.14 448.859 1.819 0.876 0.997
22.626 1.659 -7.255 6.681 4.709 6.714 5.147 307.919 134.16 448.559 1.838 0.876 0.998
22.641 1.599 -7.202 6.682 4.157 5.835 6.232 307.08 135.48 448.56 1.847 0.876 0.998
22.671 1.562 -7.187 6.694 4.407 5.18 7.241 306.659 136.38 447.3 1.85 0.877 0.999
22.686 1.493 -7.229 6.67 4.632 4.429 8.237 305.58 137.459 447.3 1.852 0.877 1.001
22.701 1.45 -7.164 6.671 4.151 3.935 9.06 305.039 137.759 446.759 1.853 0.878 1.001
22.731 1.365 -7.172 6.656 4.419 3.326 9.849 305.819 138.779 446.579 1.852 0.878 1.001
22.746 1.344 -7.21 6.647 4.966 3.047 10.522 304.919 139.68 446.399 1.83 0.878 1.0
22.761 1.321 -7.234 6.665 4.877 2.878 11.235 304.86 140.339 445.62 1.811 0.878 1.0
22.791 1.32 -7.196 6.681 4.477 2.662 11.938 304.26 141.18 445.98 1.792 0.879 0.999
22.806 1.265 -7.193 6.674 4.696 2.562 12.568 303.06 141.54 445.859 1.773 0.878 0.998
22.821 1.243 -7.247 6.655 5.061 2.896 13.261 303.06 141.659 445.62 1.753 0.878 0.998
22.851 1.168 -7.313 6.655 5.222 3.165 13.841 302.58 142.739 445.38 1.735 0.878 1.003
22.866 1.192 -7.384 6.686 5.429 3.609 14.303 301.38 143.94 445.859 1.728 0.878 1.004
22.881 1.184 -7.427 6.694 5.128 4.196 14.62 300.299 144.66 445.5 1.718 0.878 1.031
22.911 1.186 -7.534 6.691 4.651 4.877 14.647 299.64 146.16 445.32 1.705 0.877 1.069
22.926 1.175 -7.561 6.659 3.088 5.438 14.727 297.9 147.059 445.14 1.702 0.877 1.072
22.941 1.066 -7.59 6.599 1.21 5.976 15.112 297.12 148.079 444.84 1.716 0.876 1.075
22.971 1.059 -7.567 6.559 -0.804 6.932 15.477 296.7 149.219 444.42 1.734 0.876 1.094
22.987 1.002 -7.534 6.476 -2.532 7.614 15.535 295.739 150.66 443.82 1.753 0.875 1.101
23.002 0.933 -7.53 6.397 -3.892 8.214 15.227 295.859 151.979 442.98 1.774 0.876 1.102
23.032 0.901 -7.453 6.344 -5.377 8.822 14.564 295.32 153.599 442.32 1.804 0.875 1.102
23.046 0.88 -7.365 6.267 -6.818 9.303 14.212 295.259 154.859 441.78 1.841 0.875 1.099
23.061 0.798 -7.247 6.176 -7.904 9.498 13.6 295.859 155.939 441.18 1.888 0.875 1.097
23.091 0.759 -7.138 6.13 -7.829 9.647 12.516 296.939 157.739 440.219 1.956 0.875 1.066
23.106 0.684 -7.098 6.089 -6.954 9.315 11.476 297.119 158.999 439.56 2.029 0.875 1.027
23.121 0.644 -7.052 6.088 -5.722 8.832 9.739 297.419 160.14 438.66 2.091 0.876 1.023
23.151 0.622 -7.029 6.112 -3.979 8.141 7.22 297.78 161.82 438.3 2.155 0.876 1.019
23.166 0.614 -7.012 6.16 -1.763 7.223 4.384 297.72 162.24 437.64 2.209 0.876 1.0
23.181 0.609 -7.033 6.228 0.574 6.025 1.841 297.9 162.78 437.1 2.262 0.876 0.991
23.211 0.618 -7.032 6.32 2.784 4.654 -0.461 297.659 163.26 437.22 2.315 0.877 0.992
23.226 0.555 -7.135 6.399 5.038 3.207 -2.444 297.539 163.739 437.34 2.365 0.877 0.993
23.241 0.57 -7.197 6.515 6.622 2.175 -4.535 297.84 163.439 437.4 2.401 0.878 0.993
23.271 0.591 -7.202 6.643 7.745 1.103 -6.242 297.479 162.959 437.16 2.413 0.878 0.994
23.286 0.529 -7.271 6.732 9.065 -0.101 -7.329 297.0 162.0 437.76 2.408 0.878 0.995
23.301 0.516 -7.313 6.84 9.759 -0.593 -7.968 296.759 161.519 438.24 2.407 0.878 1.0
23.331 0.533 -7.323 6.92 9.497 -0.956 -7.817 296.64 161.279 438.96 2.412 0.879 1.003
23.346 0.561 -7.268 7.0 8.918 -1.506 -7.468 296.039 160.439 438.959 2.417 0.879 1.004
23.361 0.521 -7.29 7.029 8.585 -2.229 -7.029 295.62 160.019 439.38 2.424 0.879 1.006
23.391 0.527 -7.262 7.057 7.473 -2.295 -6.58 296.04 159.24 440.039 2.43 0.879 1.007
23.407 0.56 -7.176 7.071 5.759 -2.301 -6.006 296.04 158.52 440.159 2.434 0.878 1.009
23.421 0.605 -7.074 7.076 4.432 -2.596 -5.539 295.62 157.38 440.82 2.431 0.878 1.014
23.451 0.635 -7.001 7.06 3.809 -3.09 -5.304 295.02 157.14 440.939 2.423 0.877 1.016
23.466 0.649 -6.947 6.991 2.856 -3.505 -5.251 295.14 156.78 441.539 2.417 0.877 1.025
23.481 0.762 -6.818 6.942 1.149 -3.758 -5.277 295.2 156.6 441.84 2.382 0.877 1.039
23.511 0.854 -6.655 6.857 -0.189 -4.593 -5.683 294.9 155.7 442.14 2.33 0.876 1.058
23.526 0.86 -6.584 6.785 0.02 -5.532 -6.69 295.02 154.98 441.9 2.268 0.876 1.078
23.541 0.895 -6.591 6.7 0.312 -6.163 -7.433 295.02 154.14 442.379 2.203 0.876 1.1
23.571 0.937 -6.523 6.628 -0.561 -6.522 -8.011 295.44 153.84 442.919 2.136 0.875 1.138
23.586 1.029 -6.455 6.576 -1.181 -7.05 -8.722 294.6 153.24 443.039 2.071 0.875 1.153
23.601 1.075 -6.454 6.513 -0.905 -7.832 -9.909 295.08 152.52 443.52 2.001 0.875 1.164
23.631 1.084 -6.441 6.455 -0.541 -8.506 -11.349 295.499 151.86 443.7 1.93 0.875 1.165
23.646 1.103 -6.474 6.383 -0.359 -8.751 -12.232 295.919 150.72 444.479 1.866 0.876 1.162
23.661 1.176 -6.473 6.372 -0.505 -8.762 -12.667 296.219 150.059 444.78 1.802 0.876 1.154
23.691 1.18 -6.462 6.334 -0.177 -9.15 -13.059 296.28 148.799 445.08 1.768 0.876 1.139
23.706 1.161 -6.539 6.32 0.981 -9.035 -13.232 296.64 147.959 445.32 1.742 0.877 1.117
23.736 1.227 -6.519 6.312 0.993 -8.739 -12.863 296.58 147.3 446.34 1.729 0.877 1.094
23.751 1.334 -6.421 6.358 1.305 -8.661 -12.501 297.719 146.4 446.88 1.72 0.877 1.071
23.766 1.315 -6.508 6.377 3.331 -9.377 -12.413 297.6 144.959 447.36 1.707 0.878 1.032
23.781 1.221 -6.602 6.394 5.109 -9.456 -12.039 297.539 143.459 448.02 1.693 0.878 1.017
23.811 1.197 -6.627 6.464 5.97 -8.329 -10.766 296.88 142.08 448.2 1.681 0.878 1.003
23.826 1.227 -6.653 6.532 6.643 -6.964 -9.059 296.34 141.06 448.86 1.673 0.878 0.997
23.856 1.273 -6.635 6.631 7.513 -5.815 -7.873 295.86 139.739 448.14 1.666 0.878 0.998
23.871 1.217 -6.702 6.681 8.995 -5.439 -7.402 296.039 138.0 447.959 1.662 0.879 0.999
23.886 1.258 -6.824 6.774 9.553 -4.806 -7.012 295.38 137.1 448.019 1.654 0.878 1.001
23.916 1.302 -6.837 6.835 8.208 -4.602 -6.715 295.559 135.959 447.959 1.651 0.878 1.017
23.931 1.257 -6.95 6.858 6.987 -4.657 -6.816 295.679 134.279 448.08 1.642 0.878 1.05
23.947 1.15 -7.045 6.825 4.586 -4.298 -6.871 295.08 132.839 448.32 1.636 0.878 1.053
23.976 1.233 -6.858 6.858 1.492 -2.894 -6.376 295.02 132.18 448.38 1.63 0.877 1.053
23.991 1.365 -6.816 6.885 0.745 -2.816 -6.412 295.919 131.16 447.96 1.624 0.877 1.052
24.007 1.348 -6.852 6.84 0.329 -4.265 -7.025 296.219 130.499 448.02 1.616 0.877 1.05
24.036 1.372 -6.912 6.804 -0.608 -4.996 -7.152 296.58 129.66 447.66 1.608 0.876 1.048
24.051 1.422 -6.915 6.782 -2.258 -5.428 -6.645 297.06 129.06 448.26 1.601 0.876 1.044
24.066 1.503 -6.907 6.792 -3.143 -5.389 -5.976 296.699 128.459 448.62 1.594 0.875 1.043
24.096 1.526 -6.95 6.76 -3.14 -5.174 -5.087 297.119 127.08 449.039 1.588 0.875 1.042
24.111 1.579 -6.974 6.82 -2.341 -4.439 -3.815 296.759 126.12 449.279 1.582 0.875 1.025
24.126 1.649 -6.989 6.928 -0.406 -3.642 -2.346 296.1 125.34 448.98 1.575 0.875 0.993
24.156 1.726 -7.157 7.052 2.693 -2.677 -0.788 295.56 124.68 448.919 1.567 0.875 0.99
24.171 1.742 -7.381 7.137 4.667 -1.657 0.711 295.68 123.48 448.919 1.564 0.875 0.99
24.186 1.782 -7.511 7.256 4.819 0.057 2.499 295.26 123.06 448.62 1.563 0.875 0.991
24.216 1.868 -7.598 7.393 4.625 2.122 4.083 294.42 122.22 448.259 1.564 0.876 0.993
24.231 1.913 -7.652 7.52 4.365 3.558 4.91 294.12 122.04 447.36 1.565 0.876 0.994
24.246 1.904 -7.788 7.612 4.14 4.481 5.2 293.28 121.559 447.48 1.566 0.877 0.995
24.276 1.925 -7.889 7.699 2.203 5.358 5.448 292.86 121.619 447.18 1.568 0.877 0.996
24.291 1.835 -7.816 7.787 -0.269 5.932 5.303 292.56 121.799 446.16 1.569 0.878 0.996
24.306 1.813 -7.922 7.85 -1.163 6.661 4.98 292.38 122.46 445.379 1.57 0.878 0.999
24.336 1.795 -8.028 7.88 -3.346 7.092 4.359 292.319 122.639 444.84 1.572 0.878 0.998
24.352 1.755 -8.03 7.902 -6.287 6.991 3.481 292.679 122.879 443.64 1.574 0.878 0.999
24.366 1.687 -8.045 7.926 -8.622 6.459 2.619 293.039 123.119 442.8 1.575 0.878 0.999
24.396 1.588 -8.103 7.908 -10.106 6.467 1.706 293.1 124.259 442.259 1.576 0.878 0.999
24.411 1.521 -8.129 7.888 -10.99 6.803 1.018 294.0 124.44 441.359 1.576 0.878 0.998
24.427 1.481 -8.188 7.876 -11.181 6.948 0.663 294.78 124.26 440.939 1.576 0.878 0.998
24.456 1.417 -8.231 7.847 -11.08 6.872 0.348 295.14 124.86 439.38 1.574 0.878 0.997
24.471 1.315 -8.237 7.809 -9.869 7.132 0.122 295.38 125.22 438.66 1.574 0.877 0.997
24.486 1.328 -8.328 7.802 -8.055 7.746 0.139 295.979 126.179 437.94 1.573 0.877 0.997
24.516 1.259 -8.315 7.753 -7.656 7.658 0.155 296.52 126.6 437.76 1.572 0.877 0.996
24.531 1.209 -8.253 7.713 -6.846 7.777 0.353 297.119 127.08 436.8 1.571 0.876 0.996
24.547 1.182 -8.202 7.671 -5.39 7.97 0.46 297.06 127.859 436.379 1.569 0.876 0.995
24.576 1.175 -8.191 7.604 -3.663 8.044 0.291 296.58 128.1 435.9 1.568 0.876 0.995
24.591 1.159 -8.139 7.551 -2.773 7.509 0.143 296.76 127.2 435.6 1.565 0.876 0.995
24.606 1.153 -8.098 7.494 -2.403 6.676 -0.108 296.58 127.739 435.78 1.564 0.875 0.995
24.636 1.115 -8.001 7.409 -2.322 5.757 -0.524 295.979 128.219 435.539 1.563 0.875 0.995
24.651 1.11 -7.872 7.358 -2.004 5.139 -0.887 296.34 128.22 435.539 1.561 0.875 0.995
24.666 1.128 -7.803 7.305 -1.647 4.155 -1.193 296.82 128.1 434.939 1.559 0.875 0.995
24.696 1.133 -7.755 7.245 -1.486 2.935 -1.577 296.7 127.62 434.939 1.558 0.876 0.995
24.711 1.138 -7.691 7.19 -1.354 1.945 -1.983 296.52 127.199 434.52 1.557 0.876 0.995
24.726 1.155 -7.63 7.137 -1.338 1.147 -2.267 296.219 126.78 434.7 1.556 0.876 0.995
24.756 1.169 -7.553 7.079 -1.39 0.266 -2.388 296.4 126.36 434.64 1.557 0.877 0.997
24.771 1.176 -7.519 7.033 -1.373 -0.512 -2.425 297.18 126.78 434.46 1.558 0.877 0.997
24.786 1.183 -7.414 6.989 -1.753 -1.154 -2.38 297.12 127.199 434.76 1.56 0.877 1.0
24.816 1.196 -7.37 6.951 -1.538 -1.692 -2.256 297.54 127.139 434.7 1.562 0.878 1.001
24.831 1.21 -7.353 6.94 -1.329 -2.22 -2.122 298.44 127.199 434.4 1.565 0.878 1.002
24.846 1.203 -7.343 6.924 -1.393 -2.681 -1.914 298.26 126.78 434.82 1.568 0.878 1.002
24.876 1.211 -7.319 6.916 -1.562 -2.86 -1.594 297.78 126.539 435.3 1.571 0.878 1.003
24.891 1.21 -7.282 6.913 -1.545 -2.981 -1.218 297.659 126.66 435.54 1.575 0.878 1.004
24.906 1.222 -7.261 6.901 -1.146 -2.979 -0.866 298.14 126.539 435.66 1.578 0.879 1.004
24.936 1.227 -7.24 6.892 -0.441 -2.874 -0.557 298.739 126.779 435.659 1.58 0.878 1.004
24.951 1.238 -7.249 6.898 0.335 -2.704 -0.179 298.919 127.2 435.84 1.583 0.878 1.003
24.967 1.265 -7.26 6.911 0.872 -2.414 0.221 298.38 127.139 436.379 1.583 0.878 1.003
24.996 1.258 -7.279 6.919 1.418 -2.132 0.548 298.079 126.96 435.959 1.585 0.878 1.0
25.011 1.28 -7.29 6.963 2.038 -1.709 0.879 298.019 126.9 436.14 1.586 0.878 1.0
25.026 1.286 -7.331 6.995 2.698 -1.392 1.1 297.78 126.66 436.739 1.588 0.877 1.0
25.056 1.298 -7.359 7.012 2.882 -1.054 1.052 297.719 127.08 437.039 1.589 0.877 0.999
25.071 1.283 -7.374 7.03 2.8 -0.735 0.981 297.719 127.44 436.8 1.59 0.876 1.0
25.086 1.295 -7.388 7.05 2.751 -0.367 0.98 297.78 127.38 436.5 1.592 0.876 1.0
25.116 1.285 -7.394 7.063 2.751 -0.145 1.012 297.12 127.679 437.04 1.593 0.876 1.001
25.131 1.268 -7.412 7.071 2.708 0.003 1.036 296.88 127.439 437.28 1.595 0.876 1.002
25.146 1.266 -7.432 7.076 2.355 0.175 1.056 296.7 127.259 437.34 1.598 0.876 1.002
25.176 1.237 -7.412 7.062 1.776 0.114 1.003 296.58 127.259 436.62 1.601 0.875 1.002
25.191 1.249 -7.434 7.053 1.193 0.003 0.829 296.58 127.5 436.739 1.604 0.875 1.002
25.206 1.213 -7.415 7.005 -0.051 -0.249 0.392 296.279 128.039 436.919 1.606 0.876 1.003
25.236 1.201 -7.343 6.97 -1.208 -0.277 -0.016 295.979 127.859 436.979 1.608 0.876 1.002
25.251 1.18 -7.321 6.939 -1.55 -0.397 -0.203 296.099 127.259 436.14 1.61 0.876 1.002
25.266 1.186 -7.32 6.917 -1.818 -0.438 -0.412 296.34 127.379 436.62 1.612 0.876 1.001
25.296 1.169 -7.317 6.891 -2.285 -0.495 -0.689 296.7 127.139 436.739 1.613 0.877 1.001
25.311 1.172 -7.329 6.873 -2.779 -0.535 -1.008 297.419 126.9 436.379 1.614 0.877 1.0
25.326 1.187 -7.339 6.867 -3.387 -0.527 -1.429 297.239 127.08 436.32 1.614 0.878 0.999
25.356 1.176 -7.331 6.869 -3.79 -0.561 -1.935 297.659 127.02 436.379 1.615 0.878 0.998
25.372 1.189 -7.354 6.883 -3.745 -0.441 -2.343 297.84 126.839 437.039 1.615 0.878 0.998
25.386 1.185 -7.368 6.893 -3.566 -0.268 -2.584 298.079 126.96 437.4 1.615 0.878 0.999
25.416 1.205 -7.411 6.918 -3.116 -0.055 -2.668 298.44 126.72 437.4 1.615 0.879 0.999
25.431 1.206 -7.466 6.927 -2.861 0.083 -2.756 299.039 126.96 437.52 1.615 0.879 0.999
25.446 1.239 -7.492 6.947 -2.919 0.334 -2.932 299.04 127.319 437.64 1.615 0.879 0.999
25.476 1.238 -7.501 6.947 -2.898 0.392 -3.106 298.8 126.96 437.52 1.615 0.879 1.001
25.491 1.26 -7.525 6.96 -2.528 0.47 -3.27 298.62 127.139 437.82 1.615 0.878 1.004
25.506 1.252 -7.527 6.958 -2.15 0.551 -3.42 298.679 126.96 437.28 1.615 0.878 1.008
25.536 1.268 -7.539 6.965 -1.574 0.669 -3.429 298.919 127.08 437.28 1.616 0.878 1.012
25.551 1.272 -7.563 6.96 -1.121 0.742 -3.402 298.86 126.78 437.34 1.615 0.878 1.014
25.566 1.286 -7.564 6.945 -1.054 0.863 -3.457 298.92 126.24 437.279 1.615 0.877 1.015
25.597 1.291 -7.557 6.907 -1.228 0.891 -3.556 298.98 126.42 437.459 1.615 0.877 1.015
25.611 1.302 -7.51 6.882 -1.593 0.9 -3.652 299.159 126.12 437.039 1.615 0.876 1.016
25.626 1.319 -7.469 6.87 -1.716 0.902 -3.805 298.2 126.36 436.679 1.614 0.876 1.016
25.656 1.32 -7.445 6.856 -1.461 0.806 -3.898 298.62 126.179 437.34 1.614 0.875 1.019
25.671 1.322 -7.429 6.833 -1.219 0.644 -4.02 299.1 126.539 437.1 1.613 0.875 1.021
25.686 1.319 -7.406 6.789 -1.457 0.502 -4.174 299.1 126.539 437.58 1.613 0.875 1.022
25.716 1.327 -7.375 6.777 -1.902 0.423 -4.329 299.039 126.6 438.48 1.613 0.875 1.022
25.732 1.32 -7.361 6.77 -2.247 0.301 -4.434 299.159 126.48 438.719 1.613 0.875 1.02
25.746 1.324 -7.328 6.759 -2.554 0.26 -4.451 299.279 126.479 439.079 1.613 0.876 1.021
25.776 1.323 -7.302 6.765 -2.485 0.232 -4.406 299.58 126.66 438.899 1.613 0.876 1.024
25.791 1.331 -7.311 6.795 -1.933 0.154 -4.337 299.94 125.94 439.379 1.613 0.877 1.027
25.806 1.323 -7.34 6.816 -1.312 0.075 -4.282 300.0 126.24 440.4 1.613 0.877 1.03
25.836 1.324 -7.372 6.834 -0.917 0.06 -4.14 300.48 125.64 440.88 1.612 0.877 1.032
25.851 1.326 -7.392 6.857 -0.816 0.01 -3.949 300.6 125.4 440.64 1.612 0.878 1.033
25.866 1.342 -7.427 6.906 -0.751 0.0 -3.835 300.36 124.8 440.759 1.612 0.878 1.031
25.896 1.358 -7.47 6.959 -0.715 -0.127 -3.79 300.78 124.859 440.46 1.612 0.878 1.029
25.911 1.375 -7.491 6.97 -0.8 -0.356 -3.802 300.12 124.919 439.68 1.612 0.879 1.026
25.926 1.387 -7.502 6.966 -0.939 -0.596 -3.88 300.12 124.679 439.68 1.612 0.879 1.026
25.956 1.403 -7.531 6.965 -1.161 -0.861 -4.014 299.939 124.74 439.38 1.612 0.879 1.025
25.971 1.409 -7.543 6.953 -1.635 -1.141 -4.181 299.64 125.04 439.2 1.612 0.879 1.023
25.986 1.414 -7.506 6.918 -2.28 -1.267 -4.357 299.34 125.46 438.539 1.611 0.878 1.024
26.016 1.439 -7.495 6.89 -2.547 -1.287 -4.416 299.58 125.34 438.059 1.611 0.878 1.024
26.031 1.45 -7.487 6.851 -2.679 -1.401 -4.443 299.82 125.58 438.059 1.61 0.878 1.025
26.046 1.46 -7.466 6.805 -2.894 -1.427 -4.457 299.64 126.12 437.88 1.61 0.878 1.025
26.076 1.472 -7.425 6.752 -3.006 -1.354 -4.383 300.419 126.539 437.82 1.609 0.877 1.026
26.092 1.482 -7.387 6.706 -2.783 -1.2 -4.245 300.419 126.299 437.7 1.608 0.877 1.027
26.106 1.488 -7.373 6.684 -2.425 -1.004 -4.041 301.38 126.179 438.059 1.608 0.877 1.03
26.136 1.502 -7.355 6.66 -2.186 -0.795 -3.844 301.679 126.359 437.759 1.607 0.876 1.031
26.151 1.519 -7.327 6.638 -1.85 -0.587 -3.683 302.04 126.359 437.4 1.606 0.876 1.033
26.166 1.535 -7.322 6.626 -1.395 -0.42 -3.493 302.159 126.119 437.52 1.606 0.876 1.034
26.196 1.555 -7.337 6.639 -1.072 -0.316 -3.267 302.64 125.28 437.4 1.605 0.875 1.034
26.211 1.559 -7.347 6.647 -0.925 -0.306 -3.105 302.34 125.219 436.98 1.605 0.875 1.034
26.226 1.574 -7.357 6.67 -0.764 -0.158 -2.88 302.7 125.339 436.739 1.604 0.875 1.035
26.256 1.587 -7.375 6.698 -0.515 -0.019 -2.685 302.58 124.979 436.859 1.603 0.875 1.035
26.271 1.599 -7.408 6.715 -0.332 0.048 -2.52 301.979 124.02 437.219 1.603 0.876 1.036
26.286 1.607 -7.433 6.739 -0.31 0.061 -2.389 302.099 123.3 437.34 1.602 0.876 1.036
26.316 1.621 -7.464 6.763 -0.367 0.044 -2.303 301.919 123.719 437.4 1.601 0.876 1.036
26.331 1.619 -7.489 6.785 -0.517 -0.027 -2.241 301.86 123.78 437.939 1.601 0.876 1.036
26.346 1.61 -7.509 6.798 -0.756 -0.11 -2.135 301.8 123.72 437.88 1.6 0.877 1.035
26.376 1.616 -7.523 6.806 -1.038 -0.192 -2.026 302.04 123.84 437.76 1.6 0.877 1.035
26.391 1.615 -7.532 6.804 -1.325 -0.337 -2.01 301.92 124.559 437.88 1.6 0.877 1.034
26.406 1.612 -7.531 6.796 -1.646 -0.458 -2.02 302.1 124.38 438.539 1.599 0.878 1.034
26.436 1.616 -7.529 6.773 -1.987 -0.635 -2.086 301.68 124.32 438.84 1.599 0.878 1.035
26.451 1.609 -7.517 6.74 -2.385 -0.788 -2.111 302.16 124.2 439.439 1.599 0.878 1.064
26.466 1.611 -7.493 6.715 -2.676 -0.839 -2.056 301.98 124.859 439.62 1.598 0.878 1.094
26.496 1.614 -7.465 6.688 -2.713 -0.806 -1.934 301.56 125.28 439.919 1.598 0.879 1.134
26.511 1.61 -7.462 6.656 -2.448 -0.686 -1.745 301.679 124.799 439.439 1.598 0.878 1.162
26.526 1.618 -7.443 6.622 -2.161 -0.458 -1.491 302.159 124.8 439.439 1.597 0.878 1.203
26.556 1.627 -7.441 6.606 -1.647 -0.192 -1.223 302.1 124.62 440.1 1.597 0.878 1.248
26.571 1.61 -7.432 6.594 -1.089 0.032 -0.979 301.74 124.739 440.579 1.597 0.878 1.291
26.586 1.606 -7.45 6.598 -0.453 0.402 -0.667 301.8 124.439 440.879 1.596 0.877 1.291
26.616 1.607 -7.463 6.603 0.038 0.719 -0.398 302.159 125.039 440.64 1.595 0.877 1.291
26.631 1.593 -7.471 6.614 0.521 0.953 -0.238 302.219 124.979 440.219 1.594 0.877 1.29
26.646 1.585 -7.493 6.631 0.971 1.157 -0.168 301.8 125.16 440.16 1.593 0.876 1.261
26.676 1.574 -7.508 6.659 1.2 1.297 -0.195 302.159 125.639 440.28 1.591 0.876 1.23
26.691 1.557 -7.542 6.674 1.204 1.277 -0.327 301.979 125.939 439.86 1.591 0.875 1.192
26.706 1.551 -7.543 6.691 0.884 1.237 -0.543 301.56 125.88 440.88 1.589 0.875 1.163
26.736 1.538 -7.545 6.714 0.64 1.183 -0.828 301.26 126.059 441.18 1.588 0.875 1.123
26.752 1.539 -7.547 6.738 0.525 1.124 -1.097 301.5 125.7 441.419 1.586 0.875 1.079
26.766 1.541 -7.547 6.755 0.506 1.099 -1.332 301.56 125.039 441.719 1.585 0.875 1.037
26.796 1.54 -7.545 6.762 0.588 1.084 -1.558 300.96 125.76 441.24 1.584 0.875 1.037
26.811 1.534 -7.541 6.77 0.767 1.133 -1.714 300.179 124.62 440.94 1.582 0.876 1.038
26.826 1.538 -7.547 6.772 0.903 1.238 -1.777 300.24 124.44 441.12 1.582 0.876 1.038
26.856 1.544 -7.541 6.766 0.873 1.319 -1.844 300.3 124.619 440.939 1.581 0.876 1.039
26.872 1.542 -7.53 6.75 0.831 1.377 -1.92 300.06 124.019 440.58 1.58 0.877 1.039
26.888 1.546 -7.51 6.741 0.907 1.494 -1.969 300.06 124.259 440.82 1.579 0.877 1.04
26.917 1.547 -7.49 6.729 1.033 1.557 -2.009 300.6 124.2 440.759 1.579 0.878 1.04
26.932 1.546 -7.483 6.727 1.18 1.561 -2.048 300.06 123.78 439.98 1.579 0.878 1.041
26.947 1.54 -7.483 6.724 1.199 1.553 -2.12 299.94 124.379 439.739 1.579 0.878 1.041
26.976 1.553 -7.499 6.73 1.025 1.57 -2.21 300.12 124.92 439.32 1.579 0.879 1.041
26.991 1.542 -7.476 6.729 0.631 1.485 -2.314 300.419 124.5 439.62 1.578 0.879 1.041
27.006 1.54 -7.474 6.727 0.399 1.393 -2.387 300.479 125.4 439.919 1.579 0.879 1.044
27.037 1.54 -7.451 6.73 0.153 1.285 -2.49 300.3 125.7 440.219 1.578 0.879 1.043
27.051 1.54 -7.443 6.746 0.09 1.172 -2.587 300.48 125.76 439.919 1.578 0.878 1.043
27.066 1.55 -7.446 6.769 0.074 1.04 -2.664 300.54 125.7 439.38 1.577 0.878 1.042
27.096 1.546 -7.435 6.775 -0.102 0.921 -2.703 300.36 125.52 439.68 1.577 0.878 1.042
27.112 1.548 -7.426 6.793 -0.125 0.865 -2.677 300.18 125.7 439.02 1.576 0.877 1.042
27.126 1.553 -7.43 6.803 -0.003 0.806 -2.563 300.18 126.179 439.739 1.575 0.877 1.041
27.156 1.556 -7.415 6.812 0.005 0.793 -2.432 299.82 125.579 439.38 1.575 0.877 1.041
27.171 1.545 -7.402 6.812 0.106 0.792 -2.29 299.4 125.999 439.919 1.574 0.877 1.04
27.186 1.559 -7.424 6.826 0.251 0.815 -2.138 299.58 126.059 439.739 1.574 0.876 1.04
27.217 1.568 -7.41 6.837 0.057 0.808 -2.018 299.58 126.059 439.739 1.573 0.876 1.038
27.231 1.565 -7.414 6.841 -0.066 0.812 -1.866 299.64 126.359 439.439 1.572 0.876 1.039
27.246 1.566 -7.41 6.847 -0.246 0.832 -1.663 299.7 126.179 439.26 1.572 0.876 1.039