21.839 -5.141 -1.322 8.506 1.754 3.007 -0.538 354.419 96.3 90.66 4.156 1.404 6.63
21.854 -5.143 -1.285 8.533 1.872 3.336 -0.431 353.759 96.6 91.32 4.155 1.406 6.621
21.884 -5.179 -1.175 8.576 1.843 3.509 -0.88 353.7 96.42 91.38 4.154 1.407 6.615
21.899 -5.191 -1.211 8.598 2.609 3.622 -1.344 353.88 97.08 91.56 4.154 1.408 6.609
21.914 -5.168 -1.301 8.602 2.964 3.472 -1.544 353.459 96.9 91.38 4.154 1.409 6.622
21.944 -5.161 -1.288 8.647 2.313 2.907 -1.454 353.999 96.96 91.56 4.154 1.41 6.637
21.959 -5.194 -1.252 8.675 1.812 2.145 -1.029 353.58 96.299 91.26 4.155 1.411 6.647
21.974 -5.183 -1.295 8.67 1.691 1.598 -0.397 353.699 96.539 91.74 4.155 1.415 6.651
22.004 -5.186 -1.316 8.697 1.173 0.868 -0.009 353.34 97.259 91.26 4.155 1.417 6.654
22.019 -5.216 -1.287 8.739 0.589 0.196 0.019 352.979 97.379 91.5 4.155 1.418 6.655
22.034 -5.233 -1.333 8.753 0.361 0.025 -0.192 352.799 97.679 91.56 4.155 1.419 6.66
22.064 -5.25 -1.356 8.763 0.296 0.316 -0.212 352.919 97.32 91.32 4.156 1.419 6.665
22.094 -5.251 -1.433 8.736 0.412 0.951 0.268 352.56 97.439 90.839 4.156 1.419 6.671
22.095 -5.265 -1.416 8.725 -0.006 1.844 0.857 352.44 97.44 90.839 4.157 1.42 6.677
22.124 -5.314 -1.297 8.733 -0.335 2.988 1.228 352.08 97.319 91.199 4.157 1.42 6.68
22.154 -5.338 -1.312 8.699 0.092 4.261 1.241 351.419 96.779 91.02 4.157 1.42 6.678
22.155 -5.333 -1.295 8.686 0.017 5.36 0.806 351.48 97.439 91.08 4.157 1.42 6.676
22.184 -5.342 -1.255 8.707 -0.083 5.914 0.108 350.82 97.259 90.299 4.158 1.417 6.677
22.199 -5.329 -1.298 8.709 0.229 6.107 -0.37 351.299 97.379 89.939 4.158 1.415 6.679
22.229 -5.326 -1.292 8.691 0.235 5.861 -0.563 351.059 98.1 89.339 4.158 1.416 6.681
22.244 -5.363 -1.212 8.687 0.569 5.345 -0.3 351.299 97.74 89.939 4.158 1.415 6.684
22.274 -5.38 -1.213 8.707 1.786 4.838 0.308 351.299 98.34 89.82 4.158 1.415 6.688
22.275 -5.402 -1.218 8.726 2.664 4.134 0.658 351.3 98.22 89.46 4.158 1.415 6.686
22.304 -5.456 -1.192 8.751 2.736 3.121 0.611 351.42 98.58 89.46 4.158 1.415 6.685
22.319 -5.499 -1.216 8.784 2.62 2.114 0.33 352.02 99.06 88.979 4.157 1.415 6.684
22.334 -5.542 -1.2 8.846 2.101 1.348 0.025 352.56 99.36 89.16 4.157 1.416 6.687
22.364 -5.583 -1.172 8.934 1.665 0.951 -0.116 352.98 99.539 88.74 4.157 1.416 6.696
22.394 -5.617 -1.128 9.018 1.378 0.963 -0.187 353.04 99.48 88.799 4.157 1.417 6.701
22.395 -5.641 -1.123 9.084 0.945 1.318 -0.511 352.919 99.72 88.799 4.157 1.418 6.706
22.424 -5.655 -1.148 9.176 -0.118 1.733 -0.864 352.8 99.6 88.799 4.157 1.418 6.709
22.439 -5.632 -1.176 9.254 -2.196 1.7 -1.295 352.38 100.26 88.739 4.157 1.418 6.712
22.469 -5.657 -1.173 9.262 -5.438 1.158 -2.261 351.84 100.439 89.039 4.156 1.418 6.706
22.484 -5.678 -1.107 9.311 -8.554 0.56 -3.269 351.9 100.739 89.1 4.156 1.418 6.705
22.5 -5.647 -1.17 9.354 -9.919 -0.022 -4.218 351.78 99.899 88.38 4.156 1.418 6.7
22.514 -5.6 -1.248 9.361 -11.175 -0.983 -5.194 351.78 99.419 88.38 4.155 1.417 6.698
22.544 -5.589 -1.262 9.369 -12.595 -2.564 -6.015 351.54 100.259 88.14 4.154 1.418 6.697
22.559 -5.551 -1.311 9.35 -13.538 -4.867 -6.521 351.479 99.479 87.96 4.154 1.417 6.698
22.589 -5.541 -1.415 9.322 -14.403 -7.667 -6.88 351.419 99.66 88.02 4.153 1.417 6.698
22.604 -5.538 -1.395 9.321 -15.488 -10.511 -6.809 351.6 99.72 88.08 4.153 1.416 6.698
22.62 -5.517 -1.455 9.289 -15.641 -13.362 -6.632 352.26 99.059 88.02 4.152 1.416 6.694
22.634 -5.52 -1.548 9.267 -15.781 -15.769 -6.776 352.979 98.46 87.54 4.152 1.415 6.695
22.664 -5.469 -1.601 9.295 -16.049 -17.585 -7.064 353.88 97.919 86.88 4.152 1.415 6.701
22.679 -5.417 -1.708 9.258 -16.425 -19.133 -7.587 354.54 97.259 87.54 4.152 1.414 6.705
22.694 -5.388 -1.723 9.215 -17.953 -20.153 -8.371 354.419 97.499 88.26 4.153 1.413 6.71
22.724 -5.37 -1.725 9.177 -19.5 -20.522 -9.144 354.36 97.559 88.679 4.153 1.411 6.703
22.739 -5.291 -1.74 9.137 -20.74 -20.054 -9.891 354.84 96.6 88.68 4.153 1.41 6.693
22.754 -5.248 -1.806 9.092 -21.904 -19.025 -10.834 354.84 96.72 88.8 4.153 1.409 6.682
22.784 -5.154 -1.84 9.075 -23.341 -17.422 -11.902 355.5 96.06 88.74 4.153 1.408 6.671
22.799 -5.079 -1.931 9.038 -24.458 -15.916 -13.072 356.28 95.16 88.32 4.153 1.408 6.663
22.814 -4.998 -1.997 8.983 -25.703 -14.514 -14.28 356.34 94.5 87.78 4.154 1.407 6.659
22.844 -4.921 -2.021 8.919 -26.856 -13.516 -15.297 356.4 93.84 87.0 4.154 1.405 6.658
22.859 -4.806 -2.101 8.884 -27.59 -12.812 -15.896 356.28 93.12 86.64 4.154 1.406 6.659
22.874 -4.719 -2.21 8.898 -28.089 -12.59 -16.268 356.159 92.88 85.319 4.153 1.406 6.662
22.904 -4.642 -2.266 8.917 -28.467 -12.505 -16.117 356.4 92.04 83.639 4.153 1.406 6.659
22.919 -4.536 -2.345 8.988 -28.592 -12.488 -15.673 356.94 91.14 82.259 4.153 1.406 6.664
22.949 -4.476 -2.518 9.072 -28.476 -13.006 -15.109 357.06 90.78 81.539 4.152 1.405 6.669
22.964 -4.4 -2.595 9.156 -28.805 -13.767 -14.454 357.54 90.299 80.34 4.152 1.405 6.672
22.979 -4.32 -2.676 9.206 -28.977 -14.845 -13.852 358.08 89.639 79.44 4.152 1.405 6.677
22.994 -4.223 -2.759 9.253 -29.346 -16.358 -13.429 358.56 89.52 78.479 4.152 1.404 6.678
23.025 -4.181 -2.837 9.296 -30.142 -18.148 -13.156 358.68 89.039 78.0 4.15 1.404 6.68
23.04 -4.126 -2.921 9.352 -31.267 -19.879 -12.931 359.22 88.499 77.22 4.149 1.403 6.677
23.054 -4.102 -2.997 9.385 -32.596 -21.945 -12.916 359.52 88.679 76.559 4.148 1.402 6.677
23.084 -4.058 -3.057 9.377 -34.178 -24.064 -13.057 360.0 88.199 75.84 4.147 1.401 6.674
23.099 -4.012 -3.134 9.364 -35.448 -26.354 -13.412 360.42 87.66 76.02 4.146 1.4 6.666
23.114 -3.966 -3.276 9.325 -36.091 -28.595 -14.087 360.66 87.179 75.42 4.145 1.399 6.65
23.144 -3.879 -3.441 9.261 -37.024 -30.618 -15.032 360.96 86.16 74.04 4.143 1.399 6.619
23.159 -3.818 -3.629 9.196 -38.304 -32.406 -15.98 361.439 85.92 73.2 4.141 1.4 6.579
23.174 -3.808 -3.765 9.159 -39.427 -33.561 -16.55 361.559 85.56 72.12 4.138 1.402 6.535
23.204 -3.772 -3.937 9.127 -39.424 -33.685 -16.882 361.199 84.6 71.64 4.136 1.403 6.492
23.219 -3.661 -4.103 9.083 -38.905 -33.205 -16.962 361.5 84.42 70.139 4.134 1.403 6.45
23.234 -3.554 -4.298 8.996 -38.719 -32.714 -17.18 361.2 83.64 69.72 4.133 1.402 6.401
23.264 -3.493 -4.381 8.912 -39.448 -32.124 -17.464 361.56 83.28 68.16 4.13 1.402 6.357
23.279 -3.433 -4.415 8.845 -39.784 -31.441 -17.47 361.74 83.22 66.9 4.128 1.401 6.313
23.294 -3.289 -4.572 8.759 -39.64 -31.109 -17.439 362.219 82.38 64.979 4.127 1.402 6.284
23.324 -3.122 -4.699 8.635 -40.569 -31.819 -17.519 362.1 81.78 63.779 4.125 1.402 6.263
23.339 -3.019 -4.662 8.506 -42.678 -33.575 -18.016 362.34 81.419 62.939 4.124 1.402 6.26
23.354 -2.897 -4.644 8.447 -43.784 -35.945 -19.012 362.16 80.88 62.279 4.124 1.399 6.271
23.384 -2.731 -4.712 8.377 -43.568 -39.032 -19.958 362.1 80.22 61.499 4.124 1.397 6.254
23.399 -2.499 -4.941 8.23 -43.688 -42.686 -20.577 362.159 79.8 60.599 4.124 1.397 6.24
23.414 -2.294 -5.101 8.115 -45.711 -47.096 -21.354 362.64 78.6 60.239 4.123 1.397 6.227
23.445 -2.145 -5.153 8.077 -47.429 -51.46 -21.887 363.479 79.08 59.16 4.122 1.401 6.21
23.459 -1.944 -5.305 8.027 -46.608 -54.652 -21.448 364.02 77.94 58.98 4.122 1.405 6.157
23.474 -1.724 -5.543 7.919 -44.851 -56.667 -20.519 363.96 76.919 58.559 4.12 1.407 6.112
23.504 -1.526 -5.766 7.812 -43.899 -57.848 -19.521 364.02 76.979 58.499 4.118 1.407 6.072
23.519 -1.433 -5.848 7.785 -43.669 -58.293 -18.483 364.26 76.74 58.14 4.116 1.408 6.031
23.534 -1.291 -5.971 7.795 -42.033 -57.143 -16.771 364.08 76.68 57.48 4.114 1.409 5.977
23.564 -1.115 -6.194 7.688 -40.8 -55.137 -14.832 364.619 76.5 57.06 4.112 1.409 5.925
23.579 -0.941 -6.388 7.574 -41.877 -52.912 -13.578 365.099 76.74 56.459 4.11 1.409 5.903
23.594 -0.853 -6.348 7.552 -44.057 -50.135 -13.061 365.099 76.02 55.86 4.109 1.407 5.87
23.624 -0.77 -6.405 7.487 -43.859 -46.031 -12.657 365.099 76.499 54.54 4.106 1.405 5.806
23.639 -0.574 -6.652 7.345 -42.593 -41.073 -12.179 364.38 75.66 53.7 4.104 1.402 5.754
23.654 -0.412 -6.881 7.145 -43.645 -36.625 -12.607 363.9 75.899 52.14 4.102 1.399 5.74
23.684 -0.334 -6.814 7.014 -46.893 -32.725 -13.922 363.719 75.96 51.239 4.101 1.397 5.732
23.714 -0.227 -6.729 6.91 -48.678 -28.4 -15.22 364.019 75.66 49.379 4.1 1.396 5.711
23.715 -0.022 -6.907 6.728 -48.519 -23.611 -16.296 364.14 75.78 47.58 4.099 1.395 5.693
23.744 0.187 -7.126 6.493 -49.499 -19.479 -17.888 363.96 75.359 46.08 4.098 1.394 5.69
23.759 0.339 -7.103 6.307 -51.302 -15.834 -19.44 364.14 74.819 44.099 4.097 1.394 5.682
23.774 0.5 -7.141 6.129 -51.235 -12.077 -20.359 363.659 73.859 42.42 4.097 1.393 5.673
23.804 0.704 -7.312 5.916 -50.184 -8.839 -20.767 363.78 73.619 40.62 4.096 1.393 5.678
23.819 0.889 -7.412 5.731 -49.749 -6.541 -20.78 363.479 72.479 38.519 4.096 1.393 5.717
23.834 1.021 -7.362 5.586 -48.984 -5.208 -20.163 363.659 71.82 36.18 4.1 1.391 5.746
23.864 1.18 -7.426 5.467 -46.035 -4.645 -18.997 363.659 70.859 34.019 4.101 1.391 5.773
23.879 1.415 -7.694 5.303 -42.447 -5.016 -17.305 363.959 69.96 31.8 4.101 1.391 5.793
23.894 1.557 -7.853 5.125 -40.684 -6.853 -15.598 363.299 69.179 29.94 4.101 1.393 5.821
23.924 1.62 -7.794 4.981 -39.577 -9.458 -13.848 362.94 68.58 27.779 4.102 1.395 5.841
23.939 1.648 -7.756 4.856 -36.777 -11.809 -11.755 363.179 68.1 26.46 4.103 1.397 5.854
23.954 1.72 -7.92 4.736 -32.975 -13.647 -9.435 362.039 67.92 24.839 4.104 1.399 5.865
23.984 1.775 -8.054 4.612 -30.454 -15.724 -7.411 361.14 68.1 22.859 4.104 1.401 5.879
23.999 1.79 -8.081 4.515 -29.024 -17.916 -5.796 361.2 67.8 21.119 4.105 1.401 5.888
24.014 1.809 -8.127 4.44 -27.972 -19.751 -4.689 360.9 67.859 20.099 4.105 1.402 5.893
24.044 1.794 -8.206 4.352 -27.681 -21.066 -4.296 360.359 68.28 18.72 4.102 1.402 5.885
24.059 1.75 -8.188 4.28 -28.072 -21.65 -4.373 359.459 67.859 18.06 4.102 1.402 5.877
24.074 1.736 -8.225 4.254 -27.66 -21.361 -4.772 358.859 67.979 16.86 4.102 1.401 5.867
24.104 1.739 -8.344 4.236 -26.817 -20.455 -5.409 358.679 68.16 16.8 4.101 1.4 5.844
24.119 1.755 -8.482 4.204 -26.479 -19.309 -6.161 358.5 68.1 16.38 4.101 1.398 5.832
24.134 1.774 -8.61 4.169 -27.085 -18.451 -6.858 357.96 68.88 15.479 4.1 1.395 5.826
24.164 1.779 -8.677 4.113 -28.38 -17.987 -7.591 357.719 68.4 14.759 4.1 1.394 5.822
24.179 1.751 -8.682 4.048 -29.546 -17.397 -8.32 357.96 68.4 13.799 4.1 1.392 5.814
24.194 1.743 -8.712 3.967 -29.932 -16.383 -8.751 357.059 68.94 13.26 4.098 1.39 5.799
24.224 1.747 -8.759 3.883 -29.838 -15.368 -9.039 357.179 69.419 12.18 4.096 1.39 5.784
24.239 1.76 -8.805 3.807 -29.503 -14.281 -9.49 356.7 69.179 11.82 4.093 1.389 5.783
24.254 1.793 -8.853 3.738 -29.293 -13.162 -9.824 356.88 69.36 11.16 4.09 1.389 5.77
24.284 1.821 -8.931 3.651 -29.344 -12.302 -10.102 356.52 69.119 10.32 4.084 1.388 5.761
24.299 1.845 -8.973 3.567 -29.918 -11.716 -10.556 355.74 69.3 8.94 4.079 1.387 5.771
24.314 1.874 -8.992 3.492 -30.536 -11.112 -11.173 354.96 69.479 7.32 4.074 1.386 5.773
24.344 1.92 -8.979 3.416 -30.471 -10.294 -11.862 354.42 69.059 5.82 4.069 1.384 5.767
24.359 1.971 -8.99 3.333 -29.417 -9.334 -12.688 354.36 68.999 4.44 4.063 1.383 5.764
24.374 2.033 -9.022 3.248 -28.225 -8.336 -13.525 354.0 69.119 3.72 4.058 1.383 5.771
24.404 2.097 -9.035 3.167 -27.499 -7.664 -14.251 353.88 69.119 2.639 4.054 1.383 5.785
24.419 2.164 -9.056 3.062 -27.263 -7.497 -14.607 352.92 68.639 1.559 4.051 1.382 5.8
24.434 2.25 -9.095 2.953 -27.648 -7.979 -14.667 352.62 68.7 0.9 4.049 1.382 5.815
24.464 2.324 -9.116 2.824 -28.573 -9.037 -14.639 352.2 68.4 -0.84 4.047 1.381 5.839
24.479 2.36 -9.06 2.7 -29.602 -10.246 -14.471 351.42 68.94 -1.86 4.048 1.381 5.857
24.495 2.409 -9.008 2.567 -29.477 -11.275 -14.086 351.6 68.759 -3.119 4.048 1.381 5.86
24.524 2.462 -9.052 2.42 -28.417 -12.239 -13.419 351.6 68.52 -3.959 4.048 1.382 5.86
24.539 2.536 -9.15 2.272 -27.892 -13.293 -12.638 350.94 68.58 -4.979 4.048 1.382 5.872
24.554 2.602 -9.21 2.124 -28.435 -14.702 -11.798 349.62 68.46 -5.82 4.049 1.383 5.885
24.584 2.654 -9.234 1.97 -29.26 -16.253 -10.799 348.48 68.039 -6.839 4.05 1.384 5.895
24.599 2.678 -9.232 1.806 -29.875 -17.569 -9.83 347.88 67.44 -8.639 4.05 1.385 5.906
24.614 2.692 -9.194 1.649 -29.957 -18.293 -9.131 347.76 68.039 -9.959 4.051 1.386 5.916
24.644 2.738 -9.185 1.503 -29.035 -18.226 -8.622 347.1 68.22 -11.819 4.051 1.387 5.918
24.659 2.788 -9.235 1.363 -27.529 -17.712 -8.289 346.08 68.16 -12.359 4.05 1.388 5.906
24.674 2.846 -9.27 1.234 -25.932 -16.883 -8.021 346.08 67.679 -13.199 4.049 1.388 5.893
24.704 2.922 -9.324 1.099 -24.219 -15.979 -7.61 345.299 67.619 -14.219 4.048 1.389 5.885
24.719 2.991 -9.398 0.966 -22.624 -15.166 -7.21 344.1 67.14 -14.939 4.047 1.39 5.887
24.734 3.013 -9.385 0.849 -21.309 -14.324 -6.721 343.919 67.2 -15.839 4.047 1.39 5.877
24.764 3.025 -9.34 0.735 -19.402 -13.191 -5.863 343.86 67.74 -16.74 4.045 1.39 5.862
24.78 3.045 -9.336 0.643 -16.789 -11.922 -4.818 344.1 67.499 -17.459 4.044 1.39 5.85
24.794 3.078 -9.353 0.572 -13.984 -10.655 -3.877 343.56 68.52 -17.52 4.043 1.39 5.842
24.824 3.126 -9.423 0.521 -11.503 -9.545 -3.116 342.96 68.039 -17.16 4.042 1.39 5.831
24.839 3.139 -9.468 0.478 -10.03 -8.892 -2.694 342.6 67.56 -17.52 4.041 1.391 5.825
24.855 3.116 -9.417 0.487 -8.945 -8.276 -2.548 342.239 68.4 -18.24 4.041 1.391 5.818
24.884 3.105 -9.418 0.503 -7.276 -7.391 -2.412 341.999 68.64 -18.72 4.041 1.392 5.812
24.899 3.067 -9.456 0.531 -5.861 -6.287 -2.277 341.4 68.76 -18.479 4.04 1.394 5.799
24.915 3.058 -9.431 0.577 -5.193 -4.919 -2.032 341.04 69.24 -18.72 4.039 1.395 5.781
24.944 3.055 -9.44 0.615 -4.648 -3.56 -1.759 340.919 68.76 -19.08 4.038 1.397 5.772
24.959 3.064 -9.462 0.659 -4.48 -2.144 -1.775 340.44 68.52 -19.44 4.037 1.399 5.77
24.974 3.078 -9.463 0.688 -4.737 -0.595 -2.047 340.44 68.64 -19.92 4.036 1.4 5.76
25.004 3.094 -9.452 0.72 -5.007 1.049 -2.409 340.14 67.86 -20.58 4.035 1.4 5.743
25.019 3.108 -9.436 0.736 -5.032 2.706 -2.736 339.719 67.8 -21.24 4.034 1.401 5.73
25.034 3.115 -9.404 0.748 -4.7 4.393 -2.779 339.9 67.86 -21.66 4.033 1.401 5.725
25.065 3.144 -9.401 0.73 -4.132 6.074 -2.356 339.96 67.319 -21.72 4.031 1.403 5.734
25.079 3.185 -9.404 0.717 -3.745 7.332 -1.721 339.48 67.439 -21.84 4.031 1.404 5.75
25.094 3.222 -9.388 0.718 -3.745 8.083 -1.041 339.12 67.2 -22.32 4.032 1.402 5.776
25.124 3.231 -9.347 0.706 -3.802 8.43 -0.489 339.84 67.2 -22.44 4.032 1.401 5.804
25.139 3.239 -9.299 0.7 -3.293 8.573 0.054 339.36 67.56 -22.68 4.033 1.401 5.827
25.154 3.25 -9.303 0.687 -2.091 8.466 0.745 339.9 67.02 -22.74 4.033 1.4 5.847
25.184 3.261 -9.326 0.693 -0.67 8.04 1.515 339.479 67.56 -22.319 4.033 1.399 5.872
25.199 3.262 -9.364 0.692 0.818 7.263 2.469 339.12 67.56 -21.96 4.034 1.399 5.898
25.214 3.235 -9.382 0.686 2.384 6.312 3.761 339.36 67.56 -21.96 4.034 1.399 5.924
25.244 3.204 -9.405 0.671 4.059 5.337 5.309 339.239 67.32 -21.72 4.035 1.398 5.945
25.259 3.172 -9.421 0.657 5.62 4.312 6.833 339.54 68.34 -21.779 4.035 1.397 5.969
25.274 3.1 -9.394 0.633 7.045 3.359 8.279 339.24 68.4 -21.119 4.035 1.395 5.986
25.304 3.026 -9.367 0.601 8.904 2.736 9.696 339.659 68.58 -20.939 4.036 1.394 6.002
25.319 2.964 -9.402 0.579 11.114 2.411 11.037 339.24 68.759 -20.16 4.036 1.394 6.019
25.334 2.899 -9.446 0.565 12.8 2.206 12.119 339.24 69.119 -19.68 4.037 1.394 6.03
25.364 2.813 -9.44 0.576 13.839 2.184 12.87 339.48 69.84 -18.96 4.037 1.396 6.045
25.379 2.729 -9.442 0.571 14.909 2.58 13.31 339.48 69.96 -18.48 4.037 1.397 6.048
25.409 2.644 -9.454 0.578 15.984 3.476 13.433 339.78 70.619 -17.22 4.036 1.398 6.047
25.424 2.576 -9.444 0.607 17.123 4.839 13.296 340.08 71.16 -16.32 4.035 1.399 6.035
25.439 2.505 -9.445 0.66 18.658 6.653 13.105 340.32 71.759 -15.24 4.035 1.4 6.019
25.454 2.443 -9.489 0.721 20.523 8.788 13.02 340.86 71.58 -13.979 4.034 1.402 6.0
25.484 2.383 -9.544 0.803 22.117 10.989 13.051 341.4 72.119 -13.439 4.033 1.408 5.984
25.499 2.316 -9.534 0.897 23.199 13.106 13.205 341.7 72.66 -12.66 4.031 1.413 5.965
25.514 2.239 -9.476 1.008 24.444 15.14 13.421 342.42 73.259 -12.059 4.03 1.418 5.948
25.544 2.159 -9.424 1.116 26.358 17.197 13.669 343.02 73.499 -11.1 4.028 1.422 5.938
25.559 2.087 -9.382 1.24 28.859 19.216 13.99 342.9 73.979 -10.739 4.027 1.421 5.926
25.574 2.01 -9.332 1.392 31.661 20.907 14.46 343.679 74.399 -10.319 4.026 1.423 5.921
25.604 1.942 -9.299 1.553 34.583 22.038 15.029 344.34 74.58 -10.259 4.026 1.423 5.913
25.619 1.858 -9.283 1.723 37.148 22.508 15.67 344.76 74.88 -8.999 4.025 1.423 5.918
25.634 1.76 -9.249 1.886 39.063 22.251 16.3 345.48 75.48 -7.919 4.025 1.423 5.93
25.664 1.633 -9.171 2.069 40.627 21.505 16.77 345.6 76.08 -6.719 4.025 1.422 5.944
25.679 1.509 -9.078 2.249 42.494 20.659 17.044 346.2 75.6 -5.76 4.026 1.417 5.956
25.694 1.391 -9.032 2.443 44.796 19.867 17.066 346.92 75.48 -4.2 4.026 1.413 5.971
25.724 1.285 -9.017 2.622 46.825 19.073 16.76 347.46 76.14 -3.18 4.027 1.414 5.982
25.739 1.165 -8.98 2.809 47.909 18.202 16.035 347.58 75.9 -1.02 4.026 1.416 5.99
25.754 1.043 -8.906 3.013 48.237 17.418 14.709 348.48 76.2 1.319 4.027 1.418 5.997
25.784 0.922 -8.813 3.225 48.235 16.955 12.801 349.14 75.899 3.78 4.026 1.417 6.006
25.799 0.793 -8.709 3.446 48.403 17.196 10.356 349.439 75.84 6.0 4.025 1.417 6.021
25.814 0.679 -8.647 3.674 48.99 18.362 7.542 349.919 75.479 7.68 4.024 1.417 6.034
25.844 0.584 -8.601 3.907 49.504 20.246 4.67 350.28 75.24 9.239 4.022 1.418 6.042
25.859 0.521 -8.556 4.128 49.451 22.481 1.962 350.94 74.46 10.62 4.025 1.418 6.035
25.874 0.442 -8.474 4.356 48.811 24.899 -0.452 351.84 74.88 12.84 4.028 1.419 6.028
25.919 0.394 -8.401 4.585 48.035 27.47 -2.494 352.86 75.419 15.059 4.029 1.422 6.011
25.92 0.382 -8.337 4.801 47.144 29.848 -4.339 353.82 74.7 16.979 4.032 1.419 6.004
25.934 0.368 -8.259 5.0 46.074 31.771 -6.135 355.08 74.52 18.119 4.036 1.414 6.001
25.964 0.351 -8.165 5.166 44.932 33.28 -7.557 355.68 74.28 19.799 4.04 1.412 5.997
25.979 0.333 -8.096 5.301 43.896 34.251 -8.377 356.159 74.039 21.24 4.044 1.412 5.983
25.994 0.34 -8.031 5.41 42.54 34.425 -8.515 357.78 73.5 22.38 4.048 1.413 5.971
26.025 0.367 -7.944 5.501 40.593 33.449 -8.235 358.26 73.14 23.46 4.051 1.415 5.956
26.039 0.385 -7.834 5.57 38.423 31.688 -8.012 359.1 72.419 25.14 4.054 1.414 5.943
26.054 0.387 -7.694 5.65 36.852 29.716 -7.813 360.18 71.94 26.22 4.052 1.414 5.942
26.099 0.419 -7.633 5.717 36.37 27.65 -7.687 360.9 71.699 26.82 4.05 1.413 5.944
26.1 0.435 -7.576 5.781 36.33 25.667 -7.68 360.72 70.8 27.72 4.048 1.411 5.957
26.174 0.434 -7.522 5.876 36.761 24.106 -7.444 361.2 70.199 29.28 4.044 1.409 5.963
26.175 0.454 -7.511 5.974 37.651 23.049 -6.626 361.979 69.539 30.54 4.039 1.409 5.967
26.189 0.447 -7.502 6.075 38.423 22.348 -5.412 362.58 68.7 31.86 4.035 1.408 5.969
26.191 0.428 -7.441 6.193 39.107 22.309 -3.933 363.599 68.4 32.64 4.029 1.408 5.972
26.204 0.405 -7.398 6.314 40.092 23.07 -2.199 363.419 68.22 34.26 4.024 1.407 5.974
26.219 0.351 -7.304 6.441 41.152 24.544 -0.545 364.38 68.22 35.82 4.025 1.403 5.985
26.234 0.273 -7.164 6.605 42.927 26.736 0.824 365.099 68.1 37.26 4.028 1.402 6.0
26.264 0.22 -7.13 6.745 45.238 29.566 1.872 364.919 68.039 39.24 4.031 1.399 6.019
26.279 0.157 -7.103 6.862 46.368 32.67 2.642 365.519 67.8 40.8 4.035 1.398 6.038
26.294 0.028 -6.96 6.987 46.226 35.76 3.311 366.239 67.8 42.24 4.04 1.395 6.053
26.324 -0.114 -6.801 7.105 46.049 39.123 4.087 366.419 67.86 43.739 4.045 1.394 6.039
26.339 -0.232 -6.674 7.221 45.979 42.678 4.826 366.419 68.339 45.3 4.05 1.392 6.012
26.354 -0.352 -6.523 7.322 45.598 45.922 5.416 366.84 68.999 46.44 4.056 1.39 5.98
26.384 -0.488 -6.351 7.413 44.944 48.724 5.803 366.84 69.119 48.359 4.061 1.388 5.957
26.399 -0.626 -6.188 7.511 44.447 51.038 5.901 367.559 68.88 49.919 4.066 1.39 5.924
26.414 -0.778 -6.075 7.599 43.969 52.893 6.112 367.499 68.82 51.299 4.066 1.396 5.883
26.444 -0.895 -5.95 7.658 42.72 53.944 6.696 367.38 68.82 52.14 4.065 1.399 5.831
26.459 -1.046 -5.756 7.699 40.898 53.964 7.374 367.62 68.94 52.86 4.063 1.401 5.771
26.474 -1.233 -5.5 7.789 39.803 53.522 8.248 367.56 69.12 53.76 4.061 1.401 5.715
26.504 -1.369 -5.339 7.9 40.252 52.335 9.241 367.74 68.82 54.42 4.059 1.402 5.659
26.534 -1.48 -5.231 8.019 41.179 49.716 10.022 367.679 69.12 55.08 4.058 1.403 5.625
26.535 -1.591 -5.094 8.136 41.711 45.816 10.513 367.919 69.359 56.519 4.058 1.404 5.589
26.564 -1.721 -4.982 8.268 42.283 41.079 11.158 367.979 68.94 57.66 4.056 1.405 5.551
26.579 -1.858 -4.849 8.432 42.988 35.872 12.316 368.7 69.3 58.86 4.055 1.405 5.51
26.594 -1.993 -4.729 8.626 44.212 30.532 13.939 368.52 69.72 59.279 4.055 1.403 5.486
26.624 -2.094 -4.692 8.833 45.754 25.292 15.533 368.7 70.74 60.9 4.055 1.397 5.467
26.639 -2.239 -4.649 9.012 46.477 20.306 16.935 368.76 71.759 63.119 4.057 1.394 5.461
26.654 -2.413 -4.525 9.191 46.495 15.841 18.209 369.12 72.839 65.16 4.06 1.392 5.465
26.684 -2.559 -4.42 9.316 46.381 12.151 19.183 368.58 73.499 67.38 4.063 1.391 5.463
26.699 -2.68 -4.354 9.411 45.585 9.926 19.768 368.28 74.76 69.6 4.064 1.39 5.463
26.714 -2.807 -4.245 9.479 43.798 9.15 19.68 368.34 75.42 72.179 4.065 1.39 5.467
26.744 -2.983 -4.075 9.531 41.846 10.012 19.053 367.679 76.2 74.16 4.065 1.39 5.489
26.759 -3.103 -3.96 9.556 40.23 12.469 18.051 367.32 76.68 76.44 4.066 1.389 5.52
26.774 -3.173 -3.869 9.541 38.273 15.529 16.493 366.12 77.16 78.0 4.067 1.388 5.551
26.804 -3.265 -3.714 9.519 35.427 18.707 14.646 366.24 78.12 80.4 4.068 1.387 5.562
26.819 -3.346 -3.516 9.481 32.4 21.857 12.687 365.94 78.3 81.66 4.069 1.386 5.563
26.834 -3.381 -3.355 9.463 30.222 24.516 10.802 365.46 79.14 82.259 4.068 1.385 5.551
26.864 -3.381 -3.289 9.492 28.819 26.3 9.461 364.68 79.32 83.52 4.067 1.384 5.529
26.88 -3.336 -3.288 9.532 27.129 26.718 8.462 364.62 79.979 83.939 4.064 1.383 5.505
26.894 -3.325 -3.201 9.541 24.445 25.363 7.721 364.8 80.16 84.359 4.064 1.382 5.487
26.924 -3.358 -3.019 9.603 22.048 22.803 7.715 364.56 80.16 84.839 4.064 1.381 5.473
26.939 -3.39 -2.92 9.666 21.279 19.831 8.407 364.26 80.46 85.02 4.064 1.38 5.467
26.97 -3.402 -2.868 9.734 21.334 17.007 9.429 363.84 81.24 85.319 4.064 1.38 5.457
26.999 -3.418 -2.918 9.787 21.374 13.883 10.494 363.419 82.02 85.619 4.064 1.379 5.454
27.0 -3.462 -2.981 9.798 20.358 10.631 10.901 362.219 82.62 85.859 4.064 1.38 5.464
27.014 -3.532 -2.894 9.844 18.731 8.081 11.062 361.62 83.46 86.579 4.065 1.381 5.485
27.044 -3.615 -2.903 9.866 18.195 6.422 11.092 361.26 83.46 87.539 4.065 1.381 5.512
27.059 -3.685 -2.887 9.865 17.763 5.963 10.585 361.199 84.24 88.199 4.066 1.382 5.548
27.074 -3.803 -2.792 9.862 17.681 6.721 9.939 361.44 84.36 89.52 4.066 1.382 5.589
27.104 -3.896 -2.807 9.813 18.227 8.282 9.382 360.9 84.9 90.78 4.067 1.382 5.636
27.119 -3.961 -2.833 9.713 17.837 10.206 8.711 359.939 85.739 91.38 4.068 1.383 5.672
27.134 -4.014 -2.772 9.638 16.396 11.831 7.923 359.099 86.1 91.74 4.069 1.383 5.697
27.164 -4.051 -2.722 9.561 14.964 12.733 6.819 358.559 86.28 92.16 4.07 1.383 5.726
27.179 -4.105 -2.614 9.517 13.661 13.534 5.288 358.439 87.0 92.52 4.07 1.384 5.743
27.194 -4.159 -2.468 9.499 13.464 14.132 4.063 358.439 87.12 92.76 4.071 1.383 5.764
27.224 -4.194 -2.479 9.448 14.485 14.2 3.404 358.619 86.82 92.94 4.072 1.382 5.774
27.239 -4.183 -2.456 9.427 14.666 13.785 3.248 358.379 87.42 93.3 4.072 1.381 5.774
27.269 -4.208 -2.392 9.415 14.205 12.451 3.407 357.84 87.24 93.84 4.072 1.38 5.77
27.284 -4.229 -2.316 9.435 13.777 10.706 3.761 357.36 87.479 94.08 4.073 1.379 5.77
27.299 -4.248 -2.249 9.472 13.974 9.176 3.857 357.119 87.6 94.08 4.072 1.378 5.759
27.314 -4.273 -2.235 9.494 14.349 8.006 3.541 357.36 87.72 94.2 4.072 1.377 5.753
27.343 -4.307 -2.206 9.528 14.059 6.966 2.857 357.84 87.96 95.16 4.071 1.376 5.748
27.359 -4.37 -2.127 9.565 13.177 6.342 1.938 357.96 88.8 95.88 4.07 1.375 5.745
27.374 -4.396 -2.07 9.571 12.361 6.491 1.037 357.659 88.38 97.02 4.069 1.373 5.751
27.404 -4.395 -2.069 9.543 11.262 7.266 0.184 357.3 88.619 97.5 4.068 1.373 5.755
27.433 -4.368 -2.016 9.504 9.482 8.341 -0.944 356.76 89.039 97.8 4.067 1.373 5.768
27.434 -4.362 -1.931 9.455 7.933 9.662 -2.394 357.42 88.14 97.5 4.066 1.373 5.793
27.464 -4.327 -1.916 9.393 6.993 11.464 -3.867 357.24 88.679 96.84 4.065 1.374 5.817
27.479 -4.274 -1.919 9.295 5.997 12.886 -5.235 356.94 88.5 96.66 4.065 1.375 5.837
27.494 -4.231 -1.899 9.231 5.086 13.671 -6.096 356.939 88.62 96.66 4.064 1.375 5.855
27.524 -4.2 -1.903 9.19 4.891 14.118 -6.223 357.239 88.2 96.479 4.064 1.375 5.876
27.539 -4.16 -1.884 9.118 5.245 14.259 -5.655 357.96 87.96 95.999 4.064 1.375 5.892
27.554 -4.117 -1.871 9.043 5.86 13.509 -4.618 358.32 87.24 95.28 4.065 1.377 5.908
27.599 -4.079 -1.838 9.031 6.717 11.96 -3.455 358.199 87.24 94.919 4.065 1.378 5.91
27.6 -4.058 -1.795 9.039 7.806 10.006 -2.474 358.38 87.3 95.22 4.064 1.378 5.913
27.614 -4.083 -1.768 9.036 8.833 7.648 -1.357 358.8 87.119 95.399 4.065 1.378 5.915
27.644 -4.14 -1.738 9.053 9.426 5.177 -0.129 358.2 87.6 95.52 4.065 1.378 5.914
27.659 -4.169 -1.725 9.068 9.691 3.127 1.01 358.56 87.479 96.24 4.065 1.377 5.906
27.689 -4.204 -1.766 9.078 9.366 1.71 1.945 358.679 87.359 97.08 4.065 1.377 5.888
27.704 -4.285 -1.684 9.118 8.274 1.102 2.306 358.619 87.419 97.26 4.064 1.378 5.876
27.734 -4.362 -1.58 9.154 8.096 1.73 2.406 358.199 87.84 97.2 4.064 1.378 5.865
27.735 -4.4 -1.629 9.146 8.666 3.454 2.373 357.6 88.2 97.44 4.063 1.378 5.859
27.764 -4.437 -1.598 9.156 8.516 5.784 2.168 357.719 88.919 97.68 4.063 1.377 5.85
27.779 -4.484 -1.542 9.114 7.749 8.028 2.064 357.659 88.98 97.98 4.062 1.378 5.844
27.794 -4.525 -1.451 9.056 6.583 9.998 1.977 357.9 88.86 97.859 4.061 1.378 5.82
27.825 -4.565 -1.354 9.013 5.731 11.789 1.817 357.539 88.86 97.74 4.06 1.379 5.793
27.839 -4.54 -1.341 8.992 5.572 13.247 1.786 357.479 89.039 98.28 4.059 1.379 5.766
27.854 -4.561 -1.326 8.983 5.556 13.685 1.906 357.539 89.22 98.1 4.058 1.38 5.747
27.884 -4.596 -1.203 8.986 6.035 13.706 2.212 357.12 89.999 97.679 4.057 1.38 5.736
27.899 -4.596 -1.207 8.961 7.179 13.212 3.12 356.879 89.999 97.799 4.057 1.381 5.724
27.914 -4.583 -1.226 8.947 7.236 11.347 4.011 356.64 90.359 98.999 4.056 1.381 5.707
27.944 -4.614 -1.144 9.01 6.255 8.439 4.594 356.46 90.539 99.3 4.056 1.381 5.684
27.959 -4.687 -1.113 9.057 5.814 5.68 5.174 355.5 90.419 99.3 4.055 1.381 5.661
27.974 -4.735 -1.144 9.085 6.17 3.621 5.852 354.72 90.72 99.24 4.054 1.381 5.652
28.004 -4.743 -1.222 9.119 6.455 2.138 6.57 353.76 91.679 99.72 4.054 1.381 5.658
28.049 -4.788 -1.247 9.166 5.889 1.177 6.903 353.58 92.1 100.02 4.054 1.381 5.659
28.05 -4.907 -1.143 9.17 5.2 1.171 6.705 353.58 92.46 100.38 4.055 1.381 5.67
28.064 -4.977 -1.069 9.13 5.641 2.438 6.251 352.679 92.879 100.44 4.055 1.381 5.683
28.079 -4.977 -1.168 9.083 6.055 4.045 5.411 352.619 92.699 100.5 4.055 1.381 5.697
28.094 -5.0 -1.158 9.039 4.8 5.477 4.116 352.499 93.419 100.98 4.055 1.382 5.704
28.139 -5.071 -1.044 9.002 3.233 7.084 2.937 352.62 93.78 100.62 4.055 1.382 5.71
28.141 -5.077 -1.006 8.93 2.753 9.096 2.298 352.499 93.659 100.62 4.055 1.382 5.719
28.154 -5.028 -1.042 8.865 2.441 10.67 1.963 352.859 94.259 100.98 4.055 1.381 5.722
28.184 -5.014 -1.079 8.829 1.463 11.465 1.443 353.46 95.34 100.5 4.055 1.381 5.716
28.199 -5.034 -1.046 8.797 0.471 11.719 1.021 353.58 94.74 100.14 4.056 1.381 5.713
28.214 -5.029 -1.007 8.745 0.433 11.473 1.167 353.219 94.86 100.02 4.056 1.381 5.719
28.244 -4.998 -1.041 8.689 0.892 10.244 1.803 352.56 95.28 98.999 4.056 1.381 5.722
28.259 -4.988 -1.035 8.696 0.841 8.21 2.482 353.1 95.34 99.419 4.056 1.382 5.721
28.274 -5.03 -0.979 8.71 0.843 5.859 3.319 352.86 95.82 99.42 4.056 1.382 5.718
28.304 -5.069 -0.941 8.722 1.713 3.512 4.254 352.38 95.82 98.94 4.057 1.382 5.72
28.319 -5.035 -1.002 8.731 2.953 1.368 5.009 351.959 96.24 98.64 4.057 1.381 5.728
28.334 -5.053 -1.037 8.771 3.54 -0.906 5.135 351.36 96.48 99.24 4.058 1.381 5.728
28.364 -5.115 -1.009 8.802 3.636 -2.72 4.81 351.299 96.78 99.18 4.058 1.381 5.736
28.379 -5.198 -0.898 8.832 3.965 -3.791 4.651 351.06 95.82 99.54 4.059 1.381 5.75
28.411 -5.276 -0.856 8.86 5.139 -4.27 4.619 351.239 95.88 99.48 4.06 1.381 5.764
28.439 -5.282 -0.911 8.888 5.943 -4.071 4.306 351.419 96.18 99.78 4.061 1.38 5.781
28.441 -5.279 -0.92 8.935 5.295 -3.461 3.598 351.539 96.419 100.619 4.063 1.38 5.79
28.484 -5.293 -0.898 8.966 4.025 -2.765 2.57 350.939 96.179 100.619 4.065 1.379 5.801
28.485 -5.325 -0.87 8.979 2.995 -1.671 1.274 350.64 96.0 100.919 4.068 1.379 5.809
28.529 -5.292 -0.824 8.995 2.435 0.12 0.182 350.28 96.12 101.039 4.07 1.379 5.817
28.53 -5.279 -0.806 8.997 2.195 1.858 -0.7 350.28 95.88 101.4 4.073 1.378 5.825
28.544 -5.301 -0.824 8.984 1.516 3.48 -1.408 350.52 96.12 101.04 4.076 1.378 5.841
28.56 -5.326 -0.774 8.98 0.499 5.06 -1.886 350.4 95.64 100.8 4.079 1.378 5.856
28.618 -5.354 -0.744 8.951 -0.083 6.458 -2.258 350.1 95.58 100.74 4.081 1.378 5.873
28.62 -5.325 -0.745 8.932 -0.293 7.854 -2.677 350.22 95.94 100.98 4.083 1.378 5.889
28.634 -5.347 -0.757 8.89 -0.475 9.015 -3.323 349.98 95.7 100.5 4.085 1.379 5.898
28.635 -5.402 -0.691 8.833 -0.846 10.282 -4.121 349.98 95.58 100.62 4.086 1.38 5.911
28.679 -5.436 -0.627 8.77 -1.112 11.546 -4.739 350.28 95.999 100.32 4.087 1.381 5.927
28.71 -5.409 -0.613 8.726 -1.239 12.387 -5.403 350.46 96.299 99.78 4.088 1.381 5.948
28.711 -5.418 -0.683 8.659 -1.908 12.674 -6.497 351.179 95.819 100.14 4.087 1.382 5.965
28.725 -5.457 -0.692 8.591 -3.047 12.458 -7.614 350.82 95.699 99.42 4.086 1.384 5.978
28.739 -5.445 -0.628 8.534 -3.375 11.927 -8.259 351.06 95.82 99.42 4.086 1.385 5.995
28.754 -5.382 -0.672 8.494 -2.328 11.104 -8.426 350.7 95.94 99.66 4.085 1.385 6.009
28.799 -5.283 -0.778 8.475 -1.3 9.893 -8.339 351.3 96.179 99.66 4.085 1.386 6.019
28.801 -5.266 -0.789 8.435 -1.277 8.121 -8.273 351.06 95.58 98.82 4.085 1.387 6.026
28.829 -5.265 -0.741 8.43 -1.022 6.185 -8.006 351.06 95.46 98.579 4.085 1.387 6.034
28.844 -5.212 -0.828 8.448 0.407 4.454 -7.445 351.42 95.34 98.34 4.086 1.387 6.043
28.874 -5.164 -0.966 8.467 1.889 2.903 -6.643 351.3 95.22 97.859 4.086 1.387 6.05
28.875 -5.19 -0.952 8.491 2.731 1.586 -5.498 352.02 94.86 97.859 4.086 1.386 6.058
28.904 -5.192 -0.92 8.539 3.961 0.732 -4.166 351.9 95.46 97.619 4.087 1.386 6.069
28.92 -5.158 -0.927 8.583 5.122 0.325 -3.035 352.5 95.58 97.859 4.088 1.386 6.077
28.964 -5.159 -0.916 8.637 5.834 0.372 -2.288 352.679 95.04 97.919 4.088 1.391 6.081
28.965 -5.185 -0.927 8.675 6.344 0.769 -2.118 352.739 94.859 98.22 4.089 1.398 6.084
28.979 -5.238 -0.883 8.709 6.574 1.512 -2.388 352.5 95.22 98.22 4.089 1.403 6.077
28.994 -5.269 -0.876 8.732 7.287 2.658 -2.695 352.8 95.16 99.12 4.089 1.408 6.073
29.039 -5.267 -0.887 8.736 7.956 4.009 -2.769 352.62 95.82 99.78 4.088 1.413 6.071
29.04 -5.295 -0.837 8.728 8.072 4.992 -2.662 351.84 95.639 99.359 4.087 1.414 6.07
29.069 -5.321 -0.703 8.729 7.889 5.69 -2.428 351.78 95.58 99.9 4.086 1.415 6.07
29.084 -5.334 -0.659 8.708 7.947 6.054 -2.161 351.54 95.7 100.14 4.086 1.417 6.07
29.1 -5.38 -0.618 8.656 7.787 5.913 -1.965 351.24 95.039 100.44 4.085 1.419 6.068
29.114 -5.414 -0.585 8.628 7.53 5.499 -1.915 351.06 95.22 100.38 4.085 1.419 6.067
29.144 -5.427 -0.558 8.594 6.964 4.6 -2.061 350.34 95.7 100.139 4.084 1.416 6.067
29.159 -5.443 -0.47 8.571 6.261 3.428 -2.213 350.52 95.88 99.839 4.084 1.409 6.07
29.174 -5.428 -0.462 8.531 6.035 2.3 -2.144 350.46 94.979 99.899 4.085 1.404 6.083
29.204 -5.411 -0.475 8.499 5.273 1.061 -1.887 349.859 96.06 99.78 4.086 1.4 6.099
29.219 -5.435 -0.426 8.484 4.015 -0.296 -1.725 350.28 95.52 100.44 4.086 1.397 6.111
29.234 -5.445 -0.396 8.472 3.255 -1.153 -1.55 350.64 95.52 101.4 4.088 1.396 6.118
29.264 -5.45 -0.441 8.433 2.883 -1.499 -1.616 351.3 95.22 101.58 4.091 1.397 6.123
29.279 -5.431 -0.443 8.433 2.267 -1.497 -1.929 351.0 95.28 101.88 4.094 1.397 6.125