21.187 -3.262 9.0 -1.244 -0.241 1.682 -1.277 182.64 115.32 103.679 0.833 0.865 0.866
21.216 -3.273 8.982 -1.25 -0.334 1.526 -1.316 182.76 115.679 103.679 0.833 0.865 0.866
21.247 -3.27 8.983 -1.247 -0.497 1.355 -1.404 182.339 115.379 103.62 0.834 0.865 0.866
21.248 -3.263 8.994 -1.24 -0.571 1.207 -1.496 181.62 115.5 103.62 0.834 0.866 0.866
21.277 -3.254 8.995 -1.229 -0.503 1.064 -1.634 181.92 114.96 103.8 0.834 0.866 0.867
21.291 -3.251 8.987 -1.225 -0.415 0.837 -1.867 182.4 115.2 104.16 0.834 0.866 0.867
21.306 -3.25 8.994 -1.229 -0.396 0.584 -2.157 182.94 115.5 104.58 0.835 0.867 0.868
21.336 -3.247 9.002 -1.23 -0.349 0.315 -2.46 183.719 114.96 104.039 0.835 0.867 0.868
21.351 -3.245 9.01 -1.239 -0.309 0.031 -2.787 183.6 115.2 103.919 0.836 0.867 0.869
21.382 -3.241 9.004 -1.246 -0.287 -0.288 -3.148 183.66 115.259 103.739 0.836 0.868 0.869
21.397 -3.24 8.989 -1.245 -0.341 -0.573 -3.462 183.839 115.2 103.8 0.836 0.868 0.869
21.411 -3.234 8.987 -1.24 -0.407 -0.806 -3.657 183.599 115.08 103.679 0.836 0.868 0.869
21.426 -3.245 8.977 -1.237 -0.336 -0.99 -3.732 184.26 115.5 104.46 0.835 0.868 0.869
21.456 -3.253 8.966 -1.242 -0.33 -1.147 -3.761 184.739 115.38 104.219 0.835 0.867 0.869
21.471 -3.256 8.943 -1.243 -0.383 -1.22 -3.716 184.92 115.679 104.4 0.835 0.867 0.869
21.486 -3.255 8.914 -1.24 -0.452 -1.177 -3.582 184.68 116.16 104.04 0.835 0.867 0.868
21.516 -3.255 8.892 -1.226 -0.492 -1.067 -3.406 183.9 115.859 103.859 0.834 0.867 0.868
21.53 -3.251 8.886 -1.223 -0.534 -0.902 -3.264 183.18 116.579 104.82 0.834 0.866 0.868
21.546 -3.252 8.889 -1.22 -0.58 -0.72 -3.225 183.0 116.159 105.0 0.833 0.866 0.867
21.576 -3.259 8.924 -1.23 -0.637 -0.515 -3.227 182.88 115.679 105.359 0.834 0.865 0.867
21.591 -3.264 8.957 -1.229 -0.512 -0.248 -3.199 182.82 115.739 105.059 0.833 0.865 0.866
21.606 -3.275 8.973 -1.237 -0.355 -0.064 -3.251 183.3 115.139 105.419 0.833 0.864 0.866
21.636 -3.273 8.979 -1.24 -0.338 0.051 -3.297 183.239 115.2 105.0 0.833 0.864 0.866
21.65 -3.267 8.989 -1.243 -0.393 0.081 -3.245 182.7 115.739 104.94 0.833 0.864 0.866
21.681 -3.268 9.001 -1.248 -0.405 0.045 -3.158 182.52 115.2 104.4 0.833 0.864 0.865
21.695 -3.271 9.011 -1.253 -0.447 -0.043 -3.054 182.1 114.66 104.7 0.833 0.864 0.866
21.711 -3.272 9.014 -1.259 -0.665 -0.2 -2.943 182.459 114.3 104.82 0.833 0.864 0.866
21.726 -3.272 9.016 -1.266 -0.951 -0.416 -2.803 182.52 114.24 104.639 0.833 0.865 0.866
21.756 -3.278 9.016 -1.27 -1.11 -0.618 -2.605 182.7 114.9 104.339 0.834 0.865 0.866
21.771 -3.283 8.992 -1.269 -1.017 -0.74 -2.335 182.82 115.38 104.58 0.834 0.865 0.867
21.786 -3.279 8.953 -1.288 -0.803 -0.86 -2.123 182.4 115.679 105.239 0.834 0.866 0.867
21.816 -3.277 8.936 -1.298 -0.595 -0.893 -1.922 182.64 116.28 105.12 0.834 0.866 0.867
21.831 -3.278 8.937 -1.316 -0.15 -0.728 -1.696 182.7 116.219 105.059 0.835 0.867 0.868
21.846 -3.277 8.928 -1.342 0.564 -0.406 -1.451 182.999 115.439 105.239 0.835 0.867 0.868
21.876 -3.277 8.925 -1.368 1.254 -0.016 -1.232 183.119 115.679 105.119 0.835 0.867 0.868
21.891 -3.272 8.934 -1.392 1.868 0.387 -1.054 182.999 115.799 105.12 0.836 0.867 0.869
21.906 -3.269 8.959 -1.419 2.467 0.796 -0.9 183.059 116.339 105.3 0.836 0.868 0.869
21.937 -3.261 8.956 -1.432 3.22 1.306 -0.694 182.7 116.339 104.82 0.836 0.867 0.869
21.952 -3.249 8.937 -1.449 3.748 1.742 -0.503 182.459 115.859 105.179 0.836 0.868 0.869
21.965 -3.226 8.953 -1.462 3.856 2.067 -0.385 181.68 115.679 104.64 0.836 0.868 0.869
21.995 -3.209 8.999 -1.462 3.887 2.335 -0.214 182.16 115.08 104.039 0.835 0.867 0.869
22.011 -3.189 9.013 -1.456 4.174 2.617 0.038 181.739 114.42 103.859 0.835 0.867 0.868
22.025 -3.166 9.003 -1.457 4.404 2.774 0.351 181.56 114.12 103.32 0.835 0.867 0.868
22.056 -3.154 9.03 -1.458 4.486 2.821 0.665 181.44 114.24 103.32 0.834 0.866 0.867
22.071 -3.145 9.046 -1.465 4.924 2.881 0.99 180.72 114.6 103.8 0.834 0.866 0.867
22.086 -3.131 9.032 -1.49 5.819 3.0 1.254 181.02 114.54 103.38 0.833 0.866 0.866
22.116 -3.126 8.986 -1.541 6.841 3.207 1.403 180.48 114.239 102.72 0.833 0.865 0.866
22.131 -3.123 8.968 -1.629 7.628 3.493 1.36 180.54 113.939 102.9 0.833 0.865 0.866
22.145 -3.085 8.94 -1.742 8.545 4.085 1.061 180.54 113.939 103.02 0.833 0.864 0.866
22.19 -3.064 8.89 -1.908 9.488 5.03 0.28 180.78 113.82 103.14 0.833 0.864 0.866
22.193 -3.026 8.808 -2.141 10.178 6.643 -1.061 179.94 114.3 103.14 0.833 0.864 0.866
22.206 -2.984 8.778 -2.426 10.451 8.987 -2.903 179.34 114.78 102.54 0.833 0.864 0.866
22.236 -2.939 8.788 -2.73 10.891 12.377 -5.063 178.92 114.12 102.36 0.833 0.865 0.866
22.251 -2.895 8.769 -3.045 11.899 17.022 -7.209 178.739 114.299 101.7 0.833 0.865 0.866
22.268 -2.834 8.753 -3.367 13.164 22.957 -9.128 179.099 115.139 100.62 0.833 0.865 0.866
22.296 -2.785 8.781 -3.692 14.415 30.022 -10.634 178.32 115.92 99.84 0.833 0.865 0.867
22.311 -2.685 8.825 -4.0 16.199 38.248 -11.57 177.839 116.4 99.119 0.834 0.866 0.867
22.326 -2.569 8.862 -4.283 18.543 47.403 -11.965 177.54 117.78 97.859 0.834 0.866 0.868
22.356 -2.454 8.904 -4.539 21.132 57.145 -11.732 176.88 119.52 95.64 0.834 0.867 0.868
22.371 -2.31 8.94 -4.766 23.735 67.149 -10.73 176.22 121.139 93.419 0.835 0.867 0.868
22.386 -2.155 9.009 -4.933 26.216 76.957 -8.984 175.2 122.639 90.72 0.835 0.867 0.869
22.416 -1.988 9.061 -5.062 28.74 86.274 -6.529 174.3 124.62 87.78 0.836 0.868 0.869
22.446 -1.815 9.085 -5.163 31.061 94.732 -3.55 172.56 127.08 84.96 0.836 0.868 0.869
22.447 -1.632 9.118 -5.249 32.818 102.154 -0.254 170.7 129.3 82.14 0.836 0.868 0.869
22.49 -1.446 9.165 -5.343 33.832 108.348 3.341 169.14 130.499 78.419 0.836 0.868 0.869
22.492 -1.226 9.211 -5.427 34.545 113.442 7.241 168.06 132.059 74.579 0.836 0.868 0.869
22.507 -1.052 9.237 -5.519 35.021 117.434 11.112 166.44 133.56 70.079 0.836 0.867 0.868
22.536 -0.838 9.274 -5.603 35.141 120.673 15.076 164.28 134.4 65.399 0.835 0.867 0.868
22.566 -0.632 9.328 -5.678 34.835 123.119 19.032 163.2 134.76 61.08 0.835 0.867 0.868
22.567 -0.441 9.37 -5.731 34.473 125.037 23.045 162.0 135.239 56.16 0.835 0.866 0.868
22.596 -0.256 9.419 -5.791 34.08 126.477 27.036 160.68 135.359 51.239 0.834 0.866 0.867
22.61 -0.072 9.424 -5.862 33.48 127.534 30.848 159.0 135.12 46.559 0.834 0.865 0.867
22.626 0.146 9.422 -5.93 32.182 128.195 34.317 157.68 135.0 41.879 0.834 0.865 0.866
22.655 0.393 9.433 -5.976 30.327 128.529 37.337 157.14 134.34 36.66 0.834 0.865 0.866
22.702 0.648 9.429 -6.0 28.534 128.725 39.877 155.459 133.38 31.859 0.833 0.865 0.866
22.703 0.878 9.439 -6.004 26.337 128.734 41.909 153.839 132.24 27.0 0.833 0.865 0.866
22.746 1.129 9.46 -5.99 23.765 128.652 43.771 152.219 130.38 22.26 0.833 0.865 0.866
22.747 1.365 9.437 -5.971 21.061 128.351 45.429 151.079 127.919 17.88 0.833 0.865 0.866
22.806 1.613 9.401 -5.932 18.196 127.967 47.03 149.7 125.7 13.98 0.833 0.865 0.866
22.807 1.883 9.38 -5.888 15.19 127.477 48.742 148.02 123.3 10.26 0.833 0.865 0.866
22.837 2.171 9.33 -5.811 12.161 126.88 50.517 146.94 120.3 7.02 0.834 0.865 0.866
22.838 2.461 9.299 -5.693 8.98 125.944 52.203 145.679 117.119 4.199 0.834 0.866 0.867
22.85 2.747 9.271 -5.57 5.995 124.664 53.71 144.959 114.359 0.959 0.834 0.866 0.867
22.852 3.042 9.227 -5.457 3.202 123.08 54.983 143.34 110.58 -1.5 0.835 0.866 0.868
22.866 3.368 9.194 -5.307 0.49 121.174 56.032 142.62 106.739 -3.179 0.835 0.867 0.868
22.896 3.682 9.054 -5.12 -1.354 119.067 56.825 141.6 103.32 -4.68 0.836 0.867 0.868
22.911 4.002 8.909 -4.925 -3.514 116.742 57.51 141.54 100.62 -5.58 0.836 0.868 0.869
22.925 4.308 8.823 -4.724 -6.23 114.123 58.15 141.36 97.8 -6.24 0.836 0.868 0.869
22.957 4.58 8.692 -4.515 -8.433 111.221 58.596 140.76 94.32 -7.56 0.836 0.868 0.869
22.972 4.84 8.517 -4.281 -10.176 108.254 58.869 140.34 91.02 -8.22 0.836 0.868 0.869
23.001 5.089 8.363 -4.053 -12.111 105.17 59.327 140.1 88.02 -8.1 0.836 0.868 0.869
23.016 5.348 8.204 -3.814 -14.117 101.981 59.929 139.499 84.78 -7.859 0.836 0.868 0.869
23.045 5.584 8.034 -3.543 -15.729 98.641 60.645 139.74 80.94 -7.38 0.836 0.868 0.869
23.047 5.807 7.809 -3.265 -16.921 95.187 61.575 139.62 77.82 -6.539 0.836 0.867 0.868
23.076 5.975 7.604 -2.983 -18.131 91.524 62.621 139.32 75.0 -5.639 0.835 0.867 0.868
23.091 6.162 7.41 -2.727 -19.575 87.619 63.695 139.44 71.52 -4.68 0.835 0.867 0.868
23.106 6.358 7.226 -2.463 -21.016 83.241 64.392 139.38 67.859 -3.299 0.835 0.866 0.867
23.137 6.509 6.963 -2.211 -21.629 78.578 64.787 139.02 64.499 -1.62 0.834 0.866 0.867
23.15 6.668 6.728 -1.94 -22.262 73.974 65.225 139.02 61.499 0.18 0.834 0.865 0.867
23.167 6.817 6.5 -1.672 -23.216 69.338 65.674 139.14 57.899 2.34 0.833 0.865 0.866
23.196 6.926 6.262 -1.416 -24.273 64.649 65.737 139.14 55.14 3.78 0.833 0.864 0.866
23.211 6.968 5.967 -1.199 -24.923 60.46 65.633 139.979 52.14 5.58 0.833 0.865 0.866
23.226 6.971 5.661 -0.991 -25.519 57.068 65.545 140.28 49.08 7.68 0.833 0.864 0.866
23.257 6.947 5.454 -0.754 -26.157 54.147 64.96 140.88 46.32 9.36 0.833 0.865 0.866
23.272 6.845 5.11 -0.576 -26.122 51.402 63.483 141.54 43.379 10.62 0.833 0.865 0.866
23.316 6.731 4.736 -0.428 -26.384 48.717 61.185 142.56 40.68 13.199 0.833 0.865 0.866
23.317 6.619 4.42 -0.264 -26.093 46.217 58.624 142.98 38.22 15.059 0.833 0.865 0.866
23.346 6.486 4.108 -0.09 -25.298 43.265 55.287 144.18 35.58 16.14 0.833 0.865 0.867
23.349 6.346 3.755 0.014 -24.527 39.646 51.212 145.079 33.12 17.759 0.833 0.866 0.867
23.377 6.186 3.408 0.089 -23.638 35.369 46.641 146.34 31.499 19.619 0.834 0.866 0.867
23.391 6.008 3.118 0.177 -21.916 30.496 41.912 147.12 29.16 20.88 0.834 0.866 0.868
23.405 5.861 2.909 0.252 -19.544 24.716 37.051 148.68 27.479 22.439 0.835 0.867 0.868
23.437 5.768 2.635 0.262 -16.803 17.795 31.729 148.92 26.279 23.639 0.835 0.867 0.869
23.451 5.644 2.348 0.215 -14.18 9.777 26.155 149.459 24.419 24.779 0.835 0.867 0.869
23.466 5.633 2.269 0.184 -11.616 1.091 20.882 150.239 23.88 25.799 0.836 0.867 0.869
23.496 5.621 2.242 0.129 -8.212 -8.363 15.275 150.959 22.68 24.96 0.836 0.868 0.869
23.526 5.617 2.164 0.041 -4.82 -18.456 8.748 151.32 21.839 24.96 0.836 0.868 0.869
23.528 5.68 2.177 -0.07 -1.588 -28.502 2.019 151.5 22.139 24.9 0.836 0.868 0.869
23.557 5.74 2.286 -0.183 2.021 -38.344 -4.948 151.14 22.259 24.54 0.836 0.867 0.869
23.572 5.813 2.41 -0.331 6.161 -47.854 -12.055 150.779 22.259 23.22 0.836 0.867 0.869
23.6 5.895 2.524 -0.532 10.178 -56.771 -19.025 150.839 22.919 22.2 0.835 0.867 0.868
23.616 6.015 2.66 -0.738 13.467 -64.989 -25.606 150.179 23.219 20.22 0.835 0.866 0.868
23.647 6.09 2.899 -0.934 16.318 -72.48 -31.631 150.24 23.759 17.64 0.835 0.866 0.867
23.648 6.189 3.156 -1.138 19.007 -79.088 -36.651 149.94 25.259 15.18 0.834 0.866 0.867
23.676 6.289 3.389 -1.358 20.951 -85.288 -41.49 149.459 26.46 12.42 0.833 0.866 0.867
23.691 6.385 3.586 -1.578 22.203 -90.857 -45.642 148.14 28.38 10.02 0.833 0.865 0.867
23.706 6.443 3.839 -1.833 22.557 -95.741 -48.657 148.079 30.599 7.199 0.833 0.865 0.866
23.737 6.438 4.112 -2.149 22.125 -100.317 -51.335 147.12 32.279 4.439 0.833 0.865 0.866
23.75 6.427 4.372 -2.459 21.592 -104.612 -53.382 146.88 34.559 1.199 0.832 0.865 0.866
23.766 6.353 4.651 -2.785 20.238 -108.718 -54.709 146.46 36.66 -1.5 0.833 0.864 0.866
23.81 6.384 5.003 -3.05 18.001 -112.674 -55.657 145.56 39.36 -3.6 0.833 0.865 0.866
23.812 6.249 5.294 -3.341 16.645 -117.186 -57.109 144.78 42.54 -5.7 0.833 0.865 0.866
23.827 6.071 5.528 -3.693 14.977 -121.6 -58.122 144.119 45.839 -7.2 0.833 0.865 0.866
23.856 5.966 5.859 -4.073 11.322 -125.859 -59.282 143.219 49.139 -9.54 0.833 0.865 0.866
23.872 5.78 6.114 -4.413 8.247 -130.002 -60.548 142.679 52.679 -11.76 0.834 0.866 0.867
23.885 5.549 6.336 -4.735 5.948 -133.958 -61.054 142.499 56.459 -12.779 0.834 0.866 0.867
23.916 5.242 6.571 -5.107 2.983 -137.553 -60.967 142.14 60.419 -14.1 0.835 0.866 0.868
23.931 4.975 6.829 -5.399 -0.954 -140.693 -60.241 142.08 64.08 -15.239 0.835 0.866 0.868
23.947 4.667 7.061 -5.695 -4.68 -143.516 -59.541 141.6 67.919 -15.359 0.835 0.867 0.868
23.976 4.354 7.314 -5.962 -7.976 -145.934 -58.753 140.58 72.179 -15.419 0.836 0.867 0.869
23.991 3.903 7.384 -6.282 -11.422 -148.063 -57.389 140.82 76.14 -15.779 0.836 0.867 0.869
24.006 3.603 7.516 -6.506 -16.455 -149.366 -55.686 140.76 79.44 -15.6 0.836 0.867 0.869
24.05 3.309 7.699 -6.672 -20.907 -150.614 -54.594 140.22 83.22 -14.58 0.836 0.868 0.869
24.066 2.866 7.814 -6.839 -23.694 -151.783 -53.254 140.459 87.06 -12.66 0.836 0.867 0.869
24.067 2.42 7.955 -7.022 -27.609 -152.17 -50.77 140.04 90.24 -9.959 0.836 0.867 0.869
24.111 2.067 8.076 -7.127 -32.316 -151.789 -47.984 139.859 93.9 -7.499 0.835 0.867 0.868
24.113 1.663 8.194 -7.154 -35.915 -151.29 -45.576 139.98 96.66 -4.739 0.835 0.867 0.868
24.126 1.231 8.319 -7.222 -39.19 -149.987 -42.466 139.98 100.14 -0.779 0.835 0.866 0.868
24.156 0.818 8.386 -7.271 -43.603 -147.851 -38.637 140.46 102.54 2.46 0.835 0.866 0.867
24.185 0.477 8.389 -7.234 -47.879 -145.207 -35.357 140.64 104.759 6.239 0.834 0.866 0.867
24.186 0.153 8.462 -7.172 -50.817 -142.166 -33.26 140.28 106.32 11.16 0.834 0.865 0.867
24.215 -0.247 8.577 -7.18 -53.139 -138.176 -30.712 140.94 108.54 16.02 0.833 0.865 0.866
24.26 -0.618 8.701 -7.158 -56.032 -132.949 -27.566 141.359 109.319 20.88 0.833 0.864 0.866
24.263 -0.883 8.671 -7.048 -58.412 -126.898 -25.052 141.78 110.339 26.22 0.833 0.865 0.866
24.276 -1.134 8.607 -6.917 -59.771 -120.379 -23.575 142.68 111.359 31.559 0.833 0.864 0.866
24.291 -1.438 8.722 -6.817 -60.904 -113.174 -22.07 143.94 111.179 36.179 0.833 0.864 0.865
24.321 -1.652 8.811 -6.708 -61.755 -105.002 -19.941 144.239 111.84 41.519 0.833 0.865 0.865
24.366 -1.871 8.808 -6.586 -62.127 -96.619 -18.505 145.679 111.72 46.559 0.833 0.865 0.866
24.368 -2.031 8.836 -6.451 -61.631 -88.048 -17.815 146.399 111.48 51.959 0.833 0.865 0.866
24.381 -2.186 8.841 -6.353 -60.545 -79.282 -17.123 148.14 111.78 57.059 0.833 0.865 0.866
24.411 -2.331 8.915 -6.226 -59.525 -70.292 -16.122 149.82 111.9 61.14 0.833 0.866 0.866
24.414 -2.434 8.955 -6.059 -57.676 -61.373 -15.494 150.84 111.359 65.039 0.834 0.866 0.867
24.426 -2.526 8.976 -5.863 -54.873 -52.703 -15.109 152.7 111.66 68.22 0.834 0.866 0.867
24.458 -2.638 9.012 -5.682 -51.432 -44.174 -14.222 154.56 111.6 71.28 0.835 0.867 0.868
24.471 -2.69 9.05 -5.502 -47.997 -36.144 -12.869 156.42 111.179 74.7 0.835 0.867 0.868
24.501 -2.734 9.083 -5.337 -44.212 -29.098 -12.089 157.2 111.6 77.88 0.836 0.867 0.868
24.516 -2.747 9.05 -5.151 -39.886 -22.99 -11.724 159.42 111.42 80.82 0.836 0.867 0.869
24.531 -2.731 8.983 -4.91 -35.57 -17.941 -11.154 160.68 111.239 82.2 0.836 0.868 0.869
24.546 -2.744 8.953 -4.686 -32.007 -14.192 -10.242 161.94 111.3 83.7 0.836 0.868 0.869
24.576 -2.762 9.01 -4.473 -28.882 -11.554 -9.242 163.56 111.24 85.08 0.836 0.868 0.869
24.591 -2.758 9.002 -4.258 -25.556 -9.923 -8.345 164.7 111.3 86.46 0.836 0.867 0.869
24.607 -2.735 8.91 -4.046 -22.506 -9.305 -7.528 166.019 111.42 87.9 0.836 0.867 0.868
24.636 -2.697 8.85 -3.852 -20.17 -9.577 -6.869 167.159 111.96 89.64 0.835 0.867 0.868
24.666 -2.677 8.836 -3.675 -17.886 -10.326 -6.463 167.7 112.259 90.539 0.835 0.866 0.868
24.667 -2.705 8.805 -3.521 -15.384 -11.044 -6.113 168.42 112.38 90.78 0.834 0.866 0.867
24.71 -2.738 8.699 -3.375 -13.395 -11.516 -5.703 169.74 112.02 91.02 0.834 0.865 0.867
24.713 -2.767 8.657 -3.25 -12.308 -11.806 -5.369 169.98 111.78 91.02 0.833 0.865 0.866
24.726 -2.812 8.658 -3.149 -10.879 -11.628 -5.053 170.28 112.08 91.92 0.833 0.865 0.866
24.757 -2.876 8.65 -3.033 -9.104 -10.632 -4.731 170.94 112.38 92.7 0.833 0.865 0.866
24.77 -2.936 8.61 -2.931 -7.916 -8.9 -4.359 171.54 111.9 93.66 0.833 0.864 0.866
24.787 -2.989 8.613 -2.85 -7.808 -6.652 -4.132 172.14 111.78 93.66 0.832 0.864 0.865
24.816 -3.048 8.644 -2.798 -7.893 -3.857 -4.161 172.8 111.72 93.479 0.833 0.864 0.865
24.831 -3.117 8.634 -2.734 -7.646 -0.518 -4.36 173.399 111.24 93.84 0.832 0.864 0.865
24.846 -3.173 8.624 -2.668 -8.003 3.038 -4.545 174.06 110.94 94.859 0.833 0.864 0.866
24.875 -3.213 8.672 -2.609 -8.876 6.601 -4.759 174.18 110.94 94.979 0.833 0.864 0.866
24.891 -3.24 8.738 -2.551 -9.545 10.151 -4.964 174.3 110.7 95.58 0.833 0.865 0.866
24.921 -3.247 8.74 -2.486 -9.681 13.596 -5.138 174.959 110.64 95.76 0.834 0.865 0.867
24.935 -3.248 8.745 -2.427 -9.888 16.629 -5.274 175.44 110.759 96.0 0.834 0.866 0.867
24.966 -3.229 8.778 -2.38 -9.925 19.036 -5.392 175.68 110.759 96.36 0.835 0.866 0.867
24.968 -3.225 8.81 -2.337 -9.454 20.802 -5.389 175.739 111.66 95.94 0.835 0.866 0.868
24.996 -3.21 8.788 -2.284 -8.452 21.977 -5.164 176.04 112.679 96.479 0.836 0.867 0.868
25.011 -3.195 8.773 -2.222 -7.561 22.316 -4.667 175.74 112.979 97.38 0.836 0.867 0.869
25.027 -3.185 8.777 -2.191 -6.783 21.789 -3.993 175.86 113.7 97.38 0.836 0.867 0.869
25.075 -3.174 8.795 -2.162 -5.878 20.571 -3.166 175.92 113.759 96.96 0.836 0.867 0.869
25.076 -3.161 8.783 -2.12 -4.873 18.785 -2.232 176.46 113.939 97.139 0.836 0.868 0.869
25.086 -3.146 8.756 -2.08 -4.127 16.388 -1.293 176.7 114.78 97.259 0.836 0.867 0.869
25.116 -3.163 8.756 -2.062 -3.771 13.471 -0.491 176.28 115.919 97.08 0.836 0.867 0.869
25.131 -3.176 8.764 -2.048 -3.342 10.48 0.104 175.92 115.919 97.32 0.836 0.867 0.869
25.146 -3.183 8.741 -2.024 -2.764 7.622 0.576 175.619 116.339 97.259 0.835 0.867 0.868
25.176 -3.194 8.722 -1.987 -2.452 4.851 0.912 175.32 115.8 97.319 0.835 0.867 0.868
25.19 -3.216 8.706 -1.971 -2.331 2.396 1.151 175.14 114.66 97.38 0.835 0.866 0.868
25.206 -3.24 8.699 -1.949 -2.26 0.355 1.261 175.2 114.84 96.6 0.834 0.866 0.867
25.236 -3.249 8.701 -1.927 -2.243 -1.226 1.255 175.32 114.72 96.48 0.834 0.865 0.867
25.267 -3.256 8.709 -1.909 -2.241 -2.358 1.062 175.44 114.96 96.48 0.833 0.865 0.867
25.268 -3.268 8.714 -1.91 -2.324 -3.048 0.739 175.079 115.559 96.72 0.833 0.865 0.867
25.311 -3.287 8.752 -1.912 -2.542 -3.216 0.378 174.84 115.439 96.84 0.833 0.865 0.866
25.313 -3.285 8.784 -1.898 -2.454 -2.86 0.063 174.66 114.419 97.02 0.833 0.864 0.866
25.326 -3.282 8.78 -1.89 -2.325 -2.293 -0.337 175.26 114.66 96.899 0.833 0.864 0.866
25.358 -3.301 8.815 -1.895 -2.638 -1.656 -0.792 175.8 114.6 96.479 0.833 0.864 0.866
25.37 -3.307 8.859 -1.904 -2.853 -0.763 -1.157 175.98 114.78 96.299 0.833 0.864 0.866
25.386 -3.308 8.892 -1.905 -2.808 0.161 -1.4 176.22 115.62 96.179 0.833 0.865 0.866
25.415 -3.302 8.908 -1.906 -2.877 0.975 -1.561 176.339 115.739 96.539 0.833 0.865 0.867
25.431 -3.299 8.921 -1.902 -3.2 1.603 -1.67 176.219 115.38 96.54 0.834 0.865 0.867
25.447 -3.305 8.928 -1.904 -3.464 2.095 -1.621 175.979 115.619 96.42 0.834 0.866 0.867
25.476 -3.296 8.939 -1.889 -3.561 2.474 -1.398 176.28 114.96 95.88 0.834 0.866 0.868
25.492 -3.287 8.93 -1.881 -3.592 2.602 -1.124 176.58 115.02 95.94 0.834 0.866 0.868
25.521 -3.289 8.938 -1.879 -3.752 2.484 -0.919 177.48 115.68 96.72 0.835 0.866 0.868
25.536 -3.298 8.956 -1.875 -3.803 2.326 -0.603 177.66 115.74 96.78 0.835 0.867 0.868
25.567 -3.281 8.947 -1.856 -3.606 2.191 -0.132 178.02 116.22 96.539 0.836 0.867 0.869
25.568 -3.264 8.929 -1.849 -3.442 1.789 0.242 177.84 116.52 97.44 0.836 0.868 0.869
25.596 -3.257 8.919 -1.839 -3.358 1.261 0.412 177.24 116.88 97.56 0.836 0.867 0.869
25.611 -3.249 8.915 -1.832 -3.128 0.795 0.505 177.06 116.82 98.34 0.835 0.868 0.869
25.625 -3.241 8.877 -1.82 -2.714 0.4 0.592 177.359 117.24 98.759 0.835 0.867 0.869
25.656 -3.236 8.85 -1.805 -2.609 -0.119 0.516 177.66 116.7 99.179 0.835 0.867 0.868
25.671 -3.226 8.834 -1.802 -2.74 -0.687 0.245 177.599 116.88 99.84 0.835 0.867 0.868
25.685 -3.226 8.835 -1.792 -2.792 -1.115 -0.134 178.019 117.3 99.539 0.835 0.867 0.868
25.716 -3.228 8.817 -1.775 -2.687 -1.324 -0.461 177.839 116.88 99.36 0.834 0.867 0.867
25.731 -3.219 8.807 -1.756 -2.719 -1.413 -0.814 177.42 116.22 99.66 0.834 0.866 0.867
25.746 -3.235 8.823 -1.752 -2.912 -1.462 -1.322 177.179 115.38 100.499 0.833 0.866 0.866
25.777 -3.24 8.842 -1.743 -2.874 -1.198 -1.795 177.9 115.139 100.02 0.833 0.865 0.866
25.791 -3.238 8.848 -1.734 -2.613 -0.752 -2.184 178.68 114.84 99.96 0.833 0.865 0.866
25.822 -3.234 8.847 -1.736 -2.44 -0.258 -2.557 179.34 114.9 99.299 0.833 0.865 0.866
25.835 -3.233 8.877 -1.74 -2.545 0.258 -2.951 178.68 114.72 98.999 0.832 0.865 0.865
25.88 -3.221 8.889 -1.739 -2.385 0.949 -3.202 178.56 114.84 98.88 0.832 0.864 0.865
25.883 -3.219 8.877 -1.73 -2.04 1.644 -3.323 178.98 114.78 98.82 0.833 0.864 0.865
25.896 -3.205 8.86 -1.725 -1.87 2.186 -3.363 178.8 114.599 98.88 0.833 0.864 0.866
25.913 -3.184 8.864 -1.725 -1.975 2.504 -3.392 178.559 114.239 98.64 0.833 0.865 0.866
25.926 -3.172 8.885 -1.728 -2.051 2.663 -3.341 178.799 114.84 98.28 0.833 0.865 0.866
25.956 -3.15 8.889 -1.725 -1.865 2.72 -3.188 179.099 115.5 97.979 0.834 0.865 0.866
25.97 -3.141 8.878 -1.719 -1.764 2.537 -3.049 178.92 115.92 98.639 0.834 0.866 0.867
25.986 -3.142 8.878 -1.721 -1.914 2.193 -2.912 179.039 115.32 98.879 0.835 0.866 0.867
26.016 -3.145 8.882 -1.711 -1.941 1.829 -2.674 178.559 115.679 99.119 0.835 0.866 0.867
26.031 -3.149 8.864 -1.705 -1.569 1.481 -2.374 178.679 115.32 99.6 0.835 0.867 0.868
26.047 -3.156 8.868 -1.698 -1.332 1.035 -2.161 178.859 115.739 99.78 0.836 0.867 0.868
26.076 -3.165 8.89 -1.698 -1.309 0.621 -1.979 178.62 115.979 100.26 0.836 0.867 0.868
26.091 -3.181 8.92 -1.689 -1.231 0.341 -1.783 178.56 116.4 100.56 0.836 0.867 0.869
26.121 -3.193 8.933 -1.686 -0.958 0.224 -1.553 178.86 116.339 100.979 0.836 0.868 0.869
26.136 -3.208 8.929 -1.679 -0.69 0.23 -1.338 179.22 116.579 101.1 0.836 0.867 0.869
26.151 -3.228 8.931 -1.677 -0.645 0.364 -1.112 178.739 115.739 101.34 0.836 0.868 0.869
26.166 -3.235 8.94 -1.676 -0.651 0.693 -0.896 178.679 115.559 100.8 0.836 0.867 0.869
26.196 -3.238 8.934 -1.673 -0.584 1.137 -0.832 178.499 115.98 100.86 0.835 0.867 0.868