25.602 0.754 9.546 -2.188 -0.833 0.105 -1.471 142.14 198.899 -1.619 3.004 1.111 2.68
25.631 0.755 9.636 -2.201 -0.929 0.064 -1.594 142.019 198.42 -1.14 3.004 1.112 2.68
25.646 0.771 9.744 -2.198 -0.431 0.022 -1.737 142.32 198.48 -1.079 3.003 1.113 2.68
25.662 0.787 9.817 -2.212 0.764 -0.165 -1.934 142.98 198.299 -1.979 3.003 1.114 2.68
25.691 0.789 9.901 -2.23 2.093 -0.541 -2.19 143.1 198.299 -1.979 3.002 1.115 2.679
25.706 0.777 10.009 -2.261 3.553 -1.005 -2.51 142.98 197.459 -2.099 3.002 1.116 2.68
25.721 0.777 10.134 -2.281 5.334 -1.274 -3.017 142.92 198.119 -2.28 3.001 1.117 2.679
25.766 0.769 10.199 -2.343 7.438 -1.467 -3.77 142.56 197.88 -2.4 3.0 1.117 2.679
25.768 0.755 10.282 -2.403 9.112 -1.7 -4.574 142.26 197.58 -2.46 2.999 1.118 2.678
25.782 0.741 10.38 -2.453 10.616 -1.956 -5.619 142.38 198.54 -2.46 2.998 1.117 2.677
25.811 0.717 10.47 -2.522 12.425 -2.258 -6.842 142.019 198.18 -3.059 2.996 1.117 2.676
25.826 0.694 10.51 -2.578 14.364 -2.614 -8.036 142.2 198.48 -3.6 2.994 1.116 2.674
25.842 0.646 10.512 -2.664 16.402 -3.032 -9.348 142.26 198.78 -3.9 2.99 1.115 2.671
25.871 0.606 10.492 -2.753 17.965 -3.319 -10.496 142.56 198.96 -3.959 2.985 1.114 2.667
25.886 0.552 10.474 -2.853 19.187 -3.421 -11.623 142.5 199.02 -4.499 2.979 1.113 2.662
25.901 0.49 10.399 -2.946 19.716 -3.368 -12.451 142.74 199.98 -5.459 2.971 1.112 2.654
25.931 0.447 10.346 -3.04 19.24 -3.323 -12.877 143.579 199.98 -5.34 2.962 1.111 2.647
25.946 0.43 10.358 -3.054 18.099 -3.285 -13.09 144.36 200.04 -5.88 2.951 1.11 2.639
25.961 0.403 10.337 -3.082 18.007 -3.491 -13.412 144.78 200.82 -5.94 2.939 1.11 2.631
25.991 0.331 10.244 -3.177 18.5 -3.796 -13.658 144.839 201.12 -6.6 2.927 1.11 2.632
26.006 0.298 10.168 -3.217 18.153 -3.776 -13.569 145.199 202.079 -7.2 2.915 1.11 2.64
26.021 0.247 10.103 -3.284 17.527 -3.629 -13.425 145.619 203.1 -7.38 2.902 1.111 2.65
26.051 0.243 10.03 -3.327 16.312 -3.388 -13.115 146.219 203.099 -7.86 2.887 1.111 2.641
26.066 0.187 10.009 -3.373 14.912 -3.437 -12.847 146.76 203.4 -7.92 2.872 1.111 2.63
26.082 0.149 9.961 -3.398 13.564 -3.465 -12.351 147.42 204.06 -8.22 2.855 1.111 2.618
26.126 0.142 9.965 -3.395 12.75 -3.544 -11.918 147.899 204.42 -7.859 2.841 1.111 2.595
26.127 0.058 9.893 -3.472 12.709 -3.76 -11.683 148.14 205.38 -7.859 2.83 1.11 2.566
26.141 0.02 9.775 -3.522 12.357 -3.828 -11.345 148.679 205.68 -7.559 2.819 1.11 2.534
26.171 -0.006 9.605 -3.556 11.422 -3.854 -11.012 149.459 206.34 -7.499 2.809 1.108 2.509
26.186 0.005 9.473 -3.5 9.706 -3.844 -10.438 150.719 206.519 -6.84 2.799 1.107 2.483
26.201 0.006 9.325 -3.504 8.173 -3.954 -10.014 151.619 206.94 -6.3 2.789 1.105 2.45
26.231 -0.033 9.182 -3.496 6.432 -4.183 -9.498 152.34 207.3 -6.779 2.778 1.104 2.404
26.246 -0.085 9.058 -3.481 4.766 -4.408 -8.841 152.76 208.2 -6.12 2.771 1.102 2.364
26.261 -0.097 8.894 -3.451 3.048 -4.308 -8.175 153.359 209.279 -6.239 2.766 1.102 2.326
26.291 -0.094 8.742 -3.412 1.193 -4.304 -7.469 154.08 209.519 -6.239 2.762 1.102 2.29
26.306 -0.106 8.566 -3.419 -0.786 -4.354 -6.791 154.739 209.7 -5.939 2.758 1.101 2.264
26.321 -0.087 8.454 -3.319 -3.365 -4.516 -6.068 155.34 209.82 -6.18 2.751 1.101 2.244
26.351 -0.151 8.332 -3.294 -5.341 -4.926 -5.187 155.579 210.66 -6.18 2.744 1.101 2.227
26.367 -0.197 8.313 -3.26 -7.364 -5.037 -3.782 155.999 210.36 -6.24 2.737 1.101 2.206
26.381 -0.21 8.279 -3.228 -8.937 -4.992 -2.308 155.88 210.84 -6.36 2.731 1.101 2.174
26.411 -0.229 8.208 -3.187 -10.105 -5.054 -0.752 156.119 211.2 -6.24 2.727 1.102 2.146
26.426 -0.211 8.145 -3.151 -11.47 -5.052 0.729 156.36 210.719 -5.04 2.725 1.103 2.127
26.441 -0.236 8.129 -3.125 -13.224 -5.218 2.086 156.24 210.479 -5.4 2.722 1.104 2.124
26.472 -0.308 8.168 -3.079 -14.645 -5.535 3.397 155.88 210.24 -4.8 2.72 1.105 2.122
26.486 -0.308 8.171 -3.04 -15.341 -5.5 4.377 156.06 210.06 -4.02 2.72 1.106 2.121
26.501 -0.308 8.195 -2.971 -16.122 -5.49 5.154 155.64 209.999 -3.479 2.72 1.108 2.124
26.531 -0.323 8.246 -2.896 -16.178 -5.426 5.74 155.519 209.519 -2.999 2.721 1.109 2.127
26.546 -0.325 8.255 -2.91 -15.481 -5.217 5.929 155.82 209.1 -2.219 2.722 1.11 2.128
26.561 -0.334 8.265 -2.879 -15.491 -4.978 5.796 155.76 209.28 -1.2 2.724 1.111 2.127
26.592 -0.296 8.302 -2.837 -15.678 -4.733 5.491 155.82 208.979 -0.419 2.726 1.112 2.127
26.606 -0.286 8.387 -2.783 -15.554 -4.679 4.916 155.7 208.26 0.659 2.727 1.112 2.124
26.621 -0.301 8.449 -2.724 -14.371 -4.65 4.124 155.459 207.9 0.78 2.728 1.113 2.124
26.651 -0.25 8.401 -2.681 -12.49 -4.266 3.391 155.7 207.78 1.26 2.73 1.113 2.121
26.666 -0.194 8.399 -2.635 -11.135 -3.776 2.587 155.94 207.42 1.739 2.731 1.113 2.118
26.681 -0.233 8.444 -2.64 -10.13 -3.447 1.787 155.339 207.78 2.219 2.734 1.113 2.115
26.711 -0.202 8.498 -2.594 -8.936 -3.003 1.168 155.039 207.84 2.76 2.734 1.113 2.111
26.726 -0.16 8.53 -2.583 -7.567 -2.801 0.612 155.28 207.6 3.12 2.737 1.112 2.107
26.741 -0.156 8.594 -2.51 -6.662 -2.648 0.181 155.04 207.24 4.08 2.74 1.111 2.104
26.771 -0.118 8.63 -2.5 -5.373 -2.313 -0.226 154.92 207.36 3.84 2.741 1.111 2.104
26.786 -0.156 8.679 -2.506 -4.287 -2.202 -0.676 154.92 207.24 4.56 2.742 1.111 2.107
26.801 -0.17 8.694 -2.515 -3.484 -2.113 -0.983 154.68 207.119 4.32 2.743 1.111 2.106
26.833 -0.172 8.748 -2.533 -3.489 -1.84 -1.299 154.5 207.779 4.62 2.744 1.11 2.107
26.846 -0.158 8.89 -2.508 -3.7 -1.417 -1.712 154.68 207.24 5.159 2.744 1.111 2.111
26.861 -0.129 8.891 -2.515 -3.105 -1.23 -2.112 154.44 207.24 5.76 2.745 1.11 2.115
26.892 -0.095 8.835 -2.493 -3.007 -1.295 -2.503 154.62 206.82 6.18 2.743 1.11 2.119
26.907 -0.118 8.842 -2.499 -3.79 -1.255 -3.005 154.92 206.4 5.88 2.743 1.11 2.123
26.921 -0.128 8.881 -2.481 -4.696 -0.819 -3.248 154.26 206.94 5.7 2.742 1.11 2.129
26.951 -0.074 8.899 -2.465 -4.734 -0.434 -3.513 154.26 206.82 5.22 2.74 1.115 2.135
26.966 -0.093 8.832 -2.462 -4.448 -0.361 -4.003 154.019 206.82 5.22 2.741 1.117 2.14
26.981 -0.118 8.778 -2.468 -4.546 -0.154 -4.208 153.78 206.7 4.5 2.741 1.117 2.143
27.011 -0.131 8.77 -2.443 -4.797 0.349 -4.28 154.32 207.0 4.92 2.742 1.117 2.149
27.026 -0.115 8.726 -2.417 -4.279 0.77 -4.556 154.68 207.0 5.52 2.743 1.118 2.156
27.041 -0.186 8.62 -2.442 -3.514 0.861 -5.112 154.2 207.839 6.119 2.744 1.118 2.159
27.071 -0.21 8.582 -2.445 -3.211 1.19 -5.725 154.2 208.2 6.239 2.746 1.119 2.163
27.086 -0.197 8.589 -2.415 -2.19 1.599 -6.439 154.38 208.019 6.299 2.746 1.119 2.166
27.101 -0.229 8.497 -2.414 0.101 1.867 -7.221 155.22 208.619 6.3 2.747 1.12 2.17
27.132 -0.256 8.314 -2.445 2.271 2.285 -7.91 156.36 208.68 7.08 2.746 1.12 2.172
27.146 -0.22 8.214 -2.418 3.341 2.874 -8.551 157.02 208.74 7.02 2.747 1.114 2.173
27.161 -0.19 8.158 -2.393 4.551 3.292 -9.409 157.86 208.74 7.26 2.747 1.113 2.176
27.191 -0.179 8.118 -2.37 6.361 3.729 -10.355 158.339 209.219 7.26 2.746 1.113 2.172
27.206 -0.197 8.066 -2.434 8.419 4.209 -11.087 159.0 209.76 7.2 2.744 1.112 2.166
27.221 -0.167 8.095 -2.389 9.745 4.77 -11.429 159.6 209.639 6.6 2.742 1.112 2.163
27.252 -0.233 8.153 -2.398 11.903 4.863 -11.275 160.44 209.76 5.88 2.74 1.112 2.16
27.267 -0.205 8.065 -2.445 14.441 5.264 -10.643 161.04 209.639 5.16 2.737 1.112 2.151
27.281 -0.16 8.081 -2.459 15.396 5.621 -10.308 161.34 210.06 4.26 2.736 1.112 2.143
27.311 -0.223 8.128 -2.517 15.332 5.645 -10.029 161.459 209.94 3.78 2.736 1.112 2.133
27.326 -0.269 8.198 -2.586 15.061 5.454 -9.344 160.98 209.82 2.82 2.736 1.112 2.123
27.341 -0.327 8.303 -2.635 14.779 5.188 -8.554 161.16 210.6 2.16 2.737 1.112 2.116
27.371 -0.374 8.435 -2.667 14.632 5.006 -7.441 161.28 210.359 1.56 2.738 1.112 2.107
27.386 -0.43 8.459 -2.752 14.841 4.633 -6.267 161.52 209.76 1.44 2.74 1.113 2.101
27.401 -0.456 8.448 -2.821 14.452 4.144 -5.362 160.8 209.16 0.479 2.743 1.113 2.098
27.431 -0.484 8.445 -2.921 12.516 3.59 -4.87 160.44 209.159 -0.36 2.749 1.113 2.097
27.446 -0.487 8.533 -2.942 9.332 3.21 -4.47 160.26 208.859 -1.02 2.755 1.112 2.095
27.476 -0.524 8.611 -2.947 6.783 2.457 -3.734 159.54 209.1 -1.02 2.762 1.111 2.093
27.492 -0.6 8.731 -3.02 5.954 1.629 -2.829 159.84 209.16 -1.68 2.769 1.111 2.097
27.506 -0.634 8.797 -3.095 5.693 1.321 -2.503 159.42 209.34 -1.86 2.779 1.11 2.096
27.521 -0.633 8.821 -3.092 4.696 1.231 -2.284 159.3 209.58 -2.219 2.79 1.11 2.099
27.552 -0.624 8.746 -3.132 3.621 0.696 -1.564 159.24 209.4 -2.4 2.8 1.11 2.097
27.566 -0.609 8.813 -3.188 2.546 0.095 -1.012 158.82 210.06 -2.34 2.811 1.11 2.094
27.581 -0.659 8.865 -3.239 0.859 -0.113 -1.145 157.98 210.54 -3.3 2.823 1.109 2.094
27.611 -0.687 8.882 -3.23 -1.461 -0.025 -0.616 157.739 210.9 -3.42 2.835 1.109 2.094
27.626 -0.661 8.865 -3.254 -3.061 -0.079 0.988 158.34 211.14 -3.9 2.845 1.11 2.088
27.641 -0.613 8.894 -3.278 -4.585 -0.229 2.102 157.859 211.02 -3.9 2.857 1.11 2.081
27.672 -0.674 9.142 -3.3 -6.393 -0.108 2.373 158.7 210.54 -4.139 2.869 1.11 2.08
27.687 -0.665 9.15 -3.282 -8.158 0.664 3.381 158.22 210.42 -3.179 2.878 1.11 2.072
27.701 -0.496 9.128 -3.223 -9.583 0.895 5.515 157.86 210.54 -3.059 2.884 1.11 2.069
27.732 -0.463 9.309 -3.24 -10.738 0.472 7.11 157.619 210.3 -2.94 2.891 1.11 2.064
27.746 -0.5 9.606 -3.241 -11.774 0.893 8.001 156.72 209.76 -2.76 2.899 1.11 2.062
27.762 -0.513 9.664 -3.241 -12.467 1.793 9.211 156.24 209.28 -2.52 2.906 1.111 2.06
27.791 -0.328 9.786 -3.196 -13.351 2.524 11.361 156.24 209.28 -1.799 2.913 1.111 2.063
27.807 -0.212 10.055 -3.154 -13.558 2.607 12.793 156.0 208.8 -1.08 2.919 1.112 2.084
27.823 -0.244 10.34 -3.163 -12.359 2.793 13.128 155.339 207.42 -0.299 2.926 1.112 2.112
27.852 -0.173 10.435 -3.168 -10.806 3.805 13.668 154.74 207.18 0.419 2.929 1.112 2.142
27.866 -0.003 10.424 -3.161 -9.84 4.532 14.327 153.48 206.64 0.72 2.932 1.113 2.177
27.882 0.033 10.527 -3.178 -9.922 4.345 14.527 153.12 206.4 0.839 2.936 1.114 2.213
27.911 0.037 10.787 -3.145 -9.945 4.535 14.146 152.64 205.679 0.96 2.938 1.114 2.254
27.926 0.133 10.829 -3.114 -8.113 5.192 13.094 152.4 205.32 0.96 2.939 1.116 2.295
27.941 0.251 10.687 -3.123 -6.016 5.286 11.773 152.28 205.2 1.199 2.939 1.117 2.335
27.986 0.313 10.665 -3.087 -5.43 4.829 10.479 151.44 205.08 0.84 2.937 1.117 2.375
27.987 0.289 10.716 -3.015 -4.815 4.462 9.11 151.2 204.6 0.959 2.934 1.118 2.413
28.001 0.298 10.636 -2.967 -3.201 4.551 7.664 150.839 203.64 0.84 2.934 1.118 2.433
28.032 0.34 10.431 -2.911 -1.637 4.6 6.477 149.999 204.0 1.2 2.932 1.119 2.454
28.046 0.374 10.287 -2.864 -0.826 4.11 5.511 149.76 203.519 1.2 2.931 1.12 2.479
28.061 0.332 10.212 -2.803 -0.577 3.676 4.525 149.04 203.76 0.96 2.931 1.12 2.501
28.091 0.357 10.131 -2.724 0.184 3.713 3.557 148.079 203.519 0.6 2.931 1.121 2.522
28.106 0.374 9.941 -2.691 1.003 3.582 2.554 147.54 202.98 0.9 2.932 1.121 2.539
28.122 0.361 9.762 -2.666 0.66 3.213 1.918 146.04 202.56 1.44 2.934 1.122 2.557
28.151 0.336 9.718 -2.596 -0.473 2.9 1.631 145.44 202.799 1.44 2.937 1.122 2.575
28.166 0.349 9.669 -2.537 -0.92 2.87 1.201 145.079 202.32 2.159 2.939 1.122 2.593
28.181 0.363 9.562 -2.516 -0.728 2.796 0.397 144.66 202.14 2.34 2.941 1.122 2.611
28.211 0.357 9.465 -2.519 -1.092 2.467 -0.289 144.6 202.56 2.28 2.942 1.123 2.625
28.227 0.366 9.453 -2.482 -2.121 2.135 -0.701 144.36 202.2 2.04 2.943 1.124 2.631
28.241 0.37 9.46 -2.443 -2.646 1.879 -1.119 143.88 202.56 1.92 2.944 1.124 2.635
28.271 0.372 9.427 -2.442 -2.545 1.623 -1.524 144.42 202.14 1.859 2.944 1.126 2.637
28.286 0.387 9.395 -2.446 -2.566 1.363 -1.911 144.48 201.839 2.28 2.944 1.127 2.639
28.301 0.371 9.377 -2.451 -2.898 1.092 -2.155 144.66 202.26 2.34 2.943 1.128 2.639
28.331 0.384 9.388 -2.442 -3.434 0.983 -2.107 145.62 202.38 2.219 2.943 1.129 2.639
28.346 0.4 9.392 -2.443 -3.751 0.936 -2.008 145.859 201.42 2.699 2.942 1.13 2.638
28.361 0.417 9.373 -2.46 -3.994 0.803 -1.821 145.979 201.66 2.579 2.941 1.131 2.638
28.391 0.42 9.361 -2.486 -4.517 0.638 -1.537 146.16 201.48 2.52 2.94 1.132 2.636
28.406 0.441 9.389 -2.472 -5.191 0.612 -1.263 145.92 201.359 2.52 2.94 1.132 2.635
28.421 0.455 9.394 -2.482 -5.479 0.565 -1.085 145.619 201.42 2.34 2.939 1.133 2.634
28.451 0.466 9.382 -2.496 -5.696 0.458 -0.933 145.799 201.48 2.4 2.939 1.133 2.633
28.466 0.479 9.387 -2.497 -6.012 0.321 -0.771 145.499 201.54 3.3 2.938 1.133 2.631