94.841 -2.51 9.38 1.19 0.24 1.35 -0.52 127.91 58.31 38.75 0.0 0.65 0.68
94.856 -2.51 9.4 1.17 0.35 1.7 -0.17 127.67 58.31 38.27 0.0 0.65 0.68
94.886 -2.5 9.43 1.15 0.71 1.96 0.08 127.91 58.91 38.27 0.0 0.65 0.68
94.916 -2.5 9.46 1.12 1.26 2.01 0.26 127.79 58.91 37.91 0.0 0.65 0.68
94.917 -2.5 9.49 1.09 1.99 1.74 0.25 127.25 59.21 37.25 0.0 0.65 0.68
94.947 -2.49 9.5 1.06 2.69 1.1 0.12 126.47 59.15 37.07 0.0 0.65 0.68
94.961 -2.5 9.52 1.03 3.25 0.19 -0.14 126.65 58.61 37.61 0.0 0.65 0.68
94.976 -2.5 9.53 1.0 3.75 -0.74 -0.51 125.93 59.33 37.73 0.0 0.65 0.68
95.006 -2.5 9.53 0.97 4.22 -1.53 -0.89 125.81 59.45 37.25 0.0 0.65 0.68
95.021 -2.48 9.5 0.97 4.43 -2.1 -1.3 125.27 59.75 36.95 0.0 0.65 0.68
95.036 -2.48 9.48 0.96 4.29 -2.6 -1.67 125.27 59.27 37.19 0.0 0.65 0.68
95.081 -2.48 9.44 0.95 3.77 -2.97 -2.04 125.27 59.27 37.31 0.0 0.65 0.68
95.082 -2.47 9.39 0.97 2.95 -3.14 -2.37 125.09 59.09 37.13 0.0 0.65 0.68
95.096 -2.47 9.35 0.99 1.94 -3.09 -2.56 125.27 59.03 36.83 0.0 0.65 0.68
95.126 -2.49 9.32 1.02 0.95 -2.77 -2.53 125.63 58.67 37.07 0.0 0.65 0.68
95.141 -2.5 9.31 1.05 0.16 -2.14 -2.39 126.29 58.61 37.25 0.0 0.65 0.68
95.156 -2.51 9.3 1.07 -0.41 -1.38 -2.15 126.83 59.03 37.43 0.0 0.65 0.68
95.186 -2.52 9.32 1.08 -0.81 -0.72 -1.85 127.97 58.85 37.49 0.0 0.65 0.68
95.216 -2.52 9.36 1.07 -1.15 -0.29 -1.53 128.09 58.01 38.33 0.0 0.65 0.68
95.217 -2.53 9.4 1.04 -1.35 -0.18 -1.19 128.39 57.83 38.51 0.0 0.65 0.68
95.247 -2.54 9.44 1.02 -1.49 -0.25 -0.83 128.09 58.13 37.97 0.0 0.65 0.68
95.261 -2.54 9.48 1.0 -1.57 -0.43 -0.43 127.85 58.01 37.97 0.0 0.65 0.68
95.276 -2.54 9.51 0.97 -1.54 -0.6 -0.09 128.15 57.71 38.51 0.0 0.65 0.68
95.306 -2.52 9.54 0.96 -1.46 -0.65 0.08 127.97 58.49 38.57 0.0 0.65 0.68
95.321 -2.49 9.55 0.95 -1.53 -0.54 0.17 127.55 58.55 38.39 0.0 0.65 0.68
95.351 -2.45 9.55 0.93 -1.78 -0.27 0.21 127.37 58.37 38.57 0.0 0.65 0.68
95.366 -2.4 9.54 0.94 -2.2 0.12 0.22 126.65 57.77 38.45 0.0 0.65 0.68
95.381 -2.36 9.52 0.97 -2.92 0.62 0.27 125.69 57.53 38.69 0.0 0.65 0.68
95.396 -2.32 9.52 1.02 -3.69 1.24 0.35 125.75 58.43 38.39 0.0 0.65 0.68
95.426 -2.29 9.52 1.06 -4.35 2.12 0.41 126.17 58.61 38.33 0.0 0.65 0.68
95.444 -2.26 9.52 1.13 -4.76 3.32 0.34 126.41 58.49 38.57 0.0 0.65 0.68
95.456 -2.25 9.53 1.2 -4.95 4.62 0.08 126.05 58.49 37.97 0.0 0.65 0.68
95.487 -2.23 9.53 1.25 -4.98 5.78 -0.27 125.99 58.43 37.55 0.0 0.65 0.68
95.501 -2.21 9.53 1.28 -4.94 6.73 -0.64 126.17 57.77 37.49 0.0 0.65 0.68
95.546 -2.2 9.54 1.31 -4.8 7.41 -1.09 126.53 57.65 37.37 0.0 0.65 0.68
95.547 -2.19 9.53 1.35 -4.53 7.74 -1.67 126.95 57.95 37.19 0.0 0.65 0.68
95.561 -2.19 9.52 1.36 -4.13 7.83 -2.4 127.49 58.13 37.25 0.0 0.65 0.68
95.576 -2.19 9.49 1.36 -3.58 7.69 -3.33 127.37 57.77 37.01 0.0 0.65 0.68
95.62 -2.21 9.44 1.37 -2.99 7.25 -4.43 127.37 57.53 36.77 0.0 0.65 0.68
95.621 -2.25 9.41 1.35 -2.53 6.42 -5.56 126.83 57.59 36.95 0.0 0.65 0.68
95.651 -2.29 9.39 1.33 -2.29 5.28 -6.54 126.83 58.19 36.95 0.0 0.65 0.68
95.68 -2.34 9.37 1.3 -2.27 3.96 -7.24 127.31 58.55 37.43 0.0 0.65 0.68
95.696 -2.39 9.35 1.29 -2.44 2.64 -7.71 127.38 58.49 37.61 0.0 0.65 0.68
95.697 -2.46 9.37 1.28 -2.76 1.51 -7.95 127.32 58.19 37.79 0.0 0.65 0.68
95.726 -2.54 9.39 1.28 -2.95 0.68 -7.95 127.02 58.61 37.49 0.0 0.65 0.68
95.741 -2.6 9.41 1.26 -2.99 0.31 -7.74 126.72 58.07 37.07 0.0 0.65 0.68
95.771 -2.66 9.42 1.27 -2.97 0.28 -7.32 126.9 58.13 36.89 0.0 0.65 0.68
95.816 -2.71 9.42 1.26 -2.92 0.48 -6.73 127.13 58.49 37.01 0.0 0.65 0.68
95.817 -2.73 9.41 1.25 -2.89 0.95 -6.09 127.25 59.21 37.13 0.0 0.65 0.68
95.831 -2.75 9.38 1.24 -2.82 1.69 -5.53 127.49 59.45 37.25 0.0 0.65 0.68
95.846 -2.74 9.34 1.24 -2.56 2.58 -5.17 127.91 58.67 37.67 0.0 0.65 0.68
95.861 -2.72 9.3 1.24 -2.25 3.57 -4.98 127.61 58.61 37.25 0.0 0.65 0.68
95.876 -2.7 9.26 1.23 -2.0 4.51 -4.8 127.37 58.97 36.89 0.0 0.65 0.68
95.906 -2.69 9.21 1.21 -1.83 5.18 -4.55 128.33 59.57 36.65 0.0 0.65 0.68
95.921 -2.68 9.15 1.2 -2.09 5.51 -4.29 129.05 59.69 37.01 0.0 0.65 0.68
95.936 -2.68 9.1 1.23 -2.61 5.29 -4.02 129.35 60.35 37.31 0.0 0.65 0.68
95.966 -2.7 9.08 1.26 -3.13 4.58 -3.83 129.11 60.71 36.95 0.0 0.65 0.68
95.981 -2.71 9.08 1.31 -3.61 3.79 -3.69 129.59 61.08 37.19 0.0 0.65 0.68
95.996 -2.71 9.11 1.36 -3.84 2.92 -3.41 129.53 60.78 37.37 0.0 0.65 0.68
96.041 -2.73 9.13 1.41 -3.95 2.09 -2.9 129.41 61.38 37.13 0.0 0.65 0.68
96.042 -2.75 9.15 1.47 -4.09 1.54 -2.32 129.48 61.44 36.23 0.0 0.65 0.68
96.071 -2.78 9.17 1.53 -4.02 0.94 -1.77 130.02 61.14 36.77 0.0 0.65 0.68
96.086 -2.8 9.2 1.55 -3.82 0.57 -1.4 130.26 60.9 36.89 0.0 0.65 0.68
96.101 -2.79 9.22 1.58 -3.25 0.48 -1.27 129.59 60.59 36.83 0.0 0.65 0.68
96.116 -2.76 9.24 1.59 -2.16 0.76 -1.21 129.35 60.35 37.07 0.0 0.65 0.68
96.146 -2.76 9.26 1.57 -0.95 1.42 -1.08 130.01 60.41 36.77 0.0 0.65 0.68
96.161 -2.75 9.28 1.54 0.09 2.29 -0.91 130.01 60.66 37.01 0.0 0.65 0.68
96.177 -2.75 9.3 1.49 0.95 3.01 -0.78 130.25 60.17 36.29 0.0 0.65 0.68
96.207 -2.76 9.33 1.43 1.51 3.56 -0.75 130.61 59.81 35.33 0.0 0.65 0.68
96.222 -2.75 9.36 1.36 1.98 3.88 -0.85 130.91 59.27 35.27 0.0 0.65 0.68
96.236 -2.73 9.4 1.3 2.43 3.95 -0.89 130.55 59.87 35.51 0.0 0.65 0.68
96.266 -2.73 9.42 1.22 2.77 3.75 -0.77 130.37 60.29 34.85 0.0 0.65 0.68
96.281 -2.73 9.43 1.15 2.97 3.11 -0.51 130.25 60.17 34.61 0.0 0.65 0.68
96.296 -2.74 9.43 1.07 2.73 2.22 -0.23 130.25 60.29 34.97 0.0 0.65 0.68
96.341 -2.76 9.43 1.01 2.19 1.08 -0.13 130.19 60.47 34.19 0.0 0.65 0.68
96.342 -2.76 9.44 0.95 1.52 -0.1 -0.16 129.53 60.65 34.37 0.0 0.65 0.68
96.356 -2.78 9.44 0.92 0.73 -1.1 -0.1 129.71 60.23 34.55 0.0 0.65 0.68
96.387 -2.79 9.43 0.88 -0.12 -1.78 -0.01 128.87 60.11 35.03 0.0 0.65 0.68
96.401 -2.77 9.41 0.87 -0.99 -2.22 0.04 128.75 60.35 35.27 0.0 0.65 0.68
96.416 -2.76 9.41 0.86 -1.9 -2.51 0.21 129.29 59.93 35.45 0.0 0.65 0.68
96.446 -2.76 9.41 0.82 -2.77 -2.83 0.45 129.11 59.99 35.75 0.0 0.65 0.68
96.461 -2.73 9.42 0.82 -3.58 -2.99 0.63 129.17 59.57 35.93 0.0 0.65 0.68
96.476 -2.7 9.42 0.88 -4.25 -3.15 0.68 129.53 59.81 36.17 0.0 0.65 0.68
96.507 -2.67 9.43 0.94 -4.77 -3.49 0.7 128.51 59.27 35.87 0.0 0.65 0.68
96.521 -2.64 9.42 1.0 -5.18 -3.97 0.7 127.97 59.33 36.17 0.0 0.65 0.68
96.536 -2.61 9.42 1.05 -5.51 -4.54 0.61 127.85 58.85 36.17 0.0 0.65 0.68
96.58 -2.56 9.41 1.11 -5.65 -5.14 0.32 127.79 58.31 35.99 0.0 0.65 0.68
96.582 -2.52 9.41 1.18 -5.57 -5.71 0.05 127.67 58.19 36.47 0.0 0.65 0.68
96.596 -2.51 9.4 1.25 -5.33 -6.06 -0.2 127.25 57.77 37.37 0.0 0.65 0.68
96.626 -2.52 9.38 1.33 -5.07 -6.09 -0.53 126.53 57.77 37.37 0.0 0.65 0.68
96.641 -2.53 9.35 1.4 -4.78 -5.73 -0.89 127.19 57.11 37.55 0.0 0.65 0.68
96.656 -2.53 9.33 1.45 -4.47 -4.9 -1.22 127.37 57.41 38.21 0.0 0.65 0.68
96.686 -2.55 9.33 1.46 -4.04 -3.64 -1.48 127.07 56.99 38.27 0.0 0.65 0.68
96.701 -2.56 9.34 1.48 -3.49 -2.2 -1.74 127.79 57.47 38.63 0.0 0.65 0.68
96.716 -2.58 9.35 1.48 -2.91 -0.9 -1.92 128.15 56.99 38.99 0.0 0.65 0.68
96.746 -2.61 9.36 1.47 -2.32 0.0 -2.03 127.79 56.87 39.59 0.0 0.65 0.68
96.761 -2.62 9.36 1.44 -1.79 0.53 -2.13 127.61 57.41 40.49 0.0 0.65 0.68
96.776 -2.62 9.35 1.42 -1.32 0.74 -2.24 127.91 58.31 40.31 0.0 0.65 0.68
96.807 -2.63 9.36 1.36 -0.99 0.7 -2.32 127.91 58.91 39.95 0.0 0.65 0.68
96.821 -2.62 9.35 1.32 -0.74 0.38 -2.42 127.91 58.67 39.83 0.0 0.65 0.68
96.836 -2.61 9.32 1.29 -0.65 -0.19 -2.55 127.55 58.55 39.83 0.0 0.65 0.68
96.866 -2.62 9.3 1.27 -0.81 -0.92 -2.69 127.31 58.55 39.59 0.0 0.65 0.68
96.881 -2.63 9.27 1.26 -1.11 -1.72 -2.77 127.31 58.43 39.83 0.0 0.65 0.68
96.896 -2.64 9.24 1.27 -1.46 -2.35 -2.77 127.55 58.07 39.83 0.0 0.65 0.68
96.926 -2.64 9.21 1.29 -1.87 -2.65 -2.62 127.61 58.13 40.01 0.0 0.65 0.68
96.941 -2.65 9.18 1.32 -2.28 -2.66 -2.34 127.79 58.31 40.07 0.0 0.65 0.68
96.956 -2.66 9.18 1.34 -2.57 -2.54 -1.91 127.61 57.89 39.29 0.0 0.65 0.68
97.001 -2.68 9.18 1.37 -2.67 -2.42 -1.39 127.97 57.17 39.53 0.0 0.65 0.68
97.002 -2.68 9.18 1.41 -2.57 -2.4 -0.84 127.91 56.87 39.47 0.0 0.65 0.68
97.017 -2.69 9.19 1.45 -2.26 -2.54 -0.24 128.15 57.35 39.71 0.0 0.65 0.68
97.046 -2.69 9.23 1.48 -1.7 -2.86 0.28 128.09 57.77 40.25 0.0 0.65 0.68
97.061 -2.67 9.27 1.5 -1.06 -3.37 0.74 127.97 57.29 40.85 0.0 0.65 0.68
97.076 -2.64 9.29 1.53 -0.49 -4.05 1.14 128.09 57.41 41.09 0.0 0.65 0.68
97.106 -2.62 9.31 1.52 -0.05 -4.84 1.46 127.79 57.95 42.11 0.0 0.65 0.68
97.121 -2.59 9.32 1.53 0.32 -5.58 1.63 127.79 57.84 42.35 0.0 0.65 0.68
97.136 -2.55 9.33 1.54 0.66 -6.13 1.63 127.73 57.54 42.29 0.0 0.65 0.68
97.166 -2.52 9.32 1.56 0.86 -6.42 1.48 127.61 57.54 42.53 0.0 0.65 0.68
97.196 -2.49 9.33 1.57 0.78 -6.53 1.22 127.25 57.53 43.13 0.0 0.65 0.68
97.197 -2.48 9.33 1.58 0.49 -6.52 0.94 127.07 57.23 43.79 0.0 0.65 0.68
97.226 -2.46 9.34 1.59 0.08 -6.45 0.75 126.95 57.23 44.27 0.0 0.65 0.68
97.241 -2.47 9.33 1.62 -0.41 -6.3 0.69 126.53 56.82 44.09 0.0 0.65 0.68
97.256 -2.47 9.33 1.65 -0.84 -6.02 0.65 126.53 56.82 43.73 0.0 0.65 0.68
97.286 -2.47 9.35 1.69 -1.16 -5.59 0.63 126.47 57.24 43.91 0.0 0.65 0.68
97.301 -2.47 9.38 1.72 -1.44 -5.01 0.65 126.77 56.46 43.73 0.0 0.65 0.68
97.316 -2.46 9.41 1.74 -1.72 -4.4 0.8 126.29 56.1 43.73 0.0 0.65 0.68
97.346 -2.44 9.44 1.76 -2.01 -3.82 1.09 126.71 56.04 44.27 0.0 0.65 0.68
97.361 -2.42 9.46 1.79 -2.25 -3.22 1.45 127.07 56.04 45.11 0.0 0.65 0.68
97.376 -2.38 9.5 1.8 -2.36 -2.61 1.74 126.59 56.04 44.87 0.0 0.65 0.68
97.406 -2.35 9.52 1.81 -2.31 -2.03 1.88 126.77 55.98 45.65 0.0 0.65 0.68
97.436 -2.31 9.54 1.81 -2.15 -1.45 1.79 126.59 55.2 45.71 0.0 0.65 0.68
97.437 -2.26 9.55 1.8 -1.87 -0.93 1.47 126.65 54.66 46.25 0.0 0.65 0.68
97.466 -2.22 9.55 1.79 -1.57 -0.56 0.95 126.29 54.06 46.98 0.0 0.65 0.68
97.481 -2.19 9.55 1.77 -1.36 -0.43 0.27 126.47 53.52 47.28 0.0 0.65 0.68
97.496 -2.18 9.54 1.75 -1.15 -0.68 -0.51 126.11 53.75 46.8 0.0 0.65 0.68
97.526 -2.17 9.55 1.74 -0.91 -1.34 -1.4 126.65 53.7 46.86 0.0 0.65 0.68
97.541 -2.18 9.57 1.73 -0.59 -2.39 -2.29 126.47 53.52 46.8 0.0 0.65 0.68
97.571 -2.21 9.61 1.71 -0.08 -3.82 -3.1 126.29 53.94 46.5 0.0 0.65 0.68
97.586 -2.25 9.66 1.71 0.75 -5.47 -3.76 126.77 54.06 46.74 0.0 0.65 0.68
97.601 -2.29 9.72 1.72 1.99 -7.17 -4.27 126.41 54.54 46.86 0.0 0.65 0.68
97.616 -2.32 9.77 1.8 3.29 -8.81 -4.65 126.05 54.77 47.22 0.0 0.65 0.68
97.646 -2.35 9.81 1.89 4.29 -10.57 -4.9 126.23 55.32 47.16 0.0 0.65 0.68
97.661 -2.39 9.86 1.96 4.97 -12.6 -5.11 126.65 55.62 47.7 0.0 0.65 0.68
97.676 -2.43 9.94 2.0 5.58 -14.77 -5.32 126.29 55.26 48.17 0.0 0.65 0.68
97.706 -2.45 10.03 2.05 6.36 -16.7 -5.49 126.77 55.62 49.61 0.0 0.65 0.68
97.721 -2.47 10.09 2.1 7.17 -18.18 -5.47 126.59 56.04 50.64 0.0 0.65 0.68
97.736 -2.5 10.12 2.13 7.87 -19.28 -5.39 126.77 56.21 51.54 0.0 0.65 0.68
97.766 -2.54 10.14 2.17 8.31 -19.97 -5.37 126.71 55.55 52.44 0.0 0.65 0.68
97.781 -2.56 10.15 2.19 8.33 -20.27 -5.36 126.83 55.31 53.52 0.0 0.65 0.68
97.796 -2.6 10.16 2.18 7.82 -20.09 -5.11 127.07 54.96 54.36 0.0 0.65 0.68
97.826 -2.65 10.19 2.11 7.27 -19.41 -4.63 127.73 54.9 54.9 0.0 0.65 0.68
97.841 -2.69 10.2 2.04 6.94 -17.97 -3.83 127.67 54.96 55.67 0.0 0.65 0.68
97.856 -2.71 10.2 1.99 6.54 -15.78 -2.51 127.79 54.71 56.04 0.0 0.65 0.68
97.887 -2.71 10.18 1.97 5.95 -13.24 -0.74 127.19 54.96 56.52 0.0 0.65 0.68
97.901 -2.69 10.16 1.91 5.09 -11.02 1.16 126.35 54.23 56.76 0.0 0.65 0.68
97.916 -2.63 10.16 1.84 4.09 -9.41 3.01 126.3 53.94 57.18 0.0 0.65 0.68
97.946 -2.56 10.14 1.74 3.39 -8.5 4.87 125.64 54.0 57.48 0.0 0.65 0.68
97.961 -2.46 10.12 1.68 3.15 -8.09 6.66 125.22 53.93 57.77 0.0 0.65 0.68
97.991 -2.38 10.09 1.64 2.87 -8.11 8.22 124.02 53.7 57.77 0.0 0.65 0.68
98.006 -2.3 10.03 1.62 2.57 -8.76 9.26 123.72 53.4 57.35 0.0 0.65 0.68
98.021 -2.18 9.98 1.59 2.24 -9.79 9.76 122.93 53.7 58.25 0.0 0.65 0.68
98.036 -2.07 10.0 1.51 2.32 -11.15 9.89 122.69 53.34 58.61 0.0 0.65 0.68
98.066 -1.94 10.05 1.41 3.55 -12.62 9.71 122.16 53.27 59.15 0.0 0.65 0.68
98.081 -1.83 10.04 1.3 5.75 -13.66 9.27 121.97 52.98 59.45 0.0 0.65 0.68
98.096 -1.75 9.99 1.34 7.52 -13.57 8.66 121.92 53.15 59.51 0.0 0.65 0.68
98.126 -1.74 9.97 1.35 8.75 -13.08 7.98 120.71 52.79 59.63 0.0 0.65 0.68
98.141 -1.67 9.96 1.33 9.28 -12.11 6.95 119.93 52.5 59.33 0.0 0.65 0.68
98.156 -1.6 9.96 1.23 9.24 -10.57 5.85 119.51 52.91 59.63 0.0 0.65 0.68
98.186 -1.5 9.93 1.13 9.22 -8.48 5.0 119.57 52.73 59.33 0.0 0.65 0.68
98.201 -1.41 9.92 1.04 8.82 -5.92 4.56 118.91 52.55 59.51 0.0 0.65 0.68
98.216 -1.34 9.91 0.96 8.01 -3.28 4.37 118.43 52.44 59.03 0.0 0.65 0.68
98.246 -1.31 9.87 0.89 6.59 -0.6 4.05 117.59 52.55 59.15 0.0 0.65 0.68
98.261 -1.25 9.78 0.84 4.49 2.03 3.37 117.05 52.98 59.09 0.0 0.65 0.68
98.276 -1.19 9.7 0.8 1.84 4.16 2.47 116.27 53.04 59.15 0.0 0.65 0.68
98.306 -1.13 9.64 0.67 -0.16 5.12 1.63 115.43 52.8 58.43 0.0 0.65 0.68
98.321 -1.1 9.58 0.57 -1.38 5.6 0.61 115.25 52.73 58.25 0.0 0.65 0.68
98.336 -1.11 9.54 0.54 -1.68 5.59 -0.61 115.19 52.67 58.07 0.0 0.65 0.68
98.366 -1.16 9.45 0.62 -1.69 4.73 -1.74 114.89 52.26 57.41 0.0 0.65 0.68
98.396 -1.29 9.41 0.66 -2.24 3.04 -2.61 115.01 52.62 57.53 0.0 0.65 0.68
98.397 -1.4 9.38 0.65 -2.65 1.11 -3.42 115.13 52.62 57.29 0.0 0.65 0.68
98.426 -1.5 9.36 0.69 -2.57 -0.79 -3.93 114.95 52.92 57.71 0.0 0.65 0.68
98.441 -1.54 9.33 0.79 -2.39 -2.6 -3.74 115.07 52.2 57.23 0.0 0.65 0.68
98.456 -1.62 9.29 0.92 -2.62 -3.9 -2.56 114.83 52.32 56.99 0.0 0.65 0.68
98.486 -1.73 9.3 1.01 -3.14 -4.45 -0.83 115.25 52.97 57.17 0.0 0.65 0.68
98.501 -1.81 9.35 1.1 -3.73 -3.92 0.89 115.13 53.21 57.77 0.0 0.65 0.68
98.516 -1.81 9.39 1.17 -4.4 -2.44 2.81 115.37 54.17 58.25 0.0 0.65 0.68
98.547 -1.8 9.41 1.23 -5.14 -0.27 5.19 115.13 53.81 59.09 0.0 0.65 0.68
98.561 -1.76 9.49 1.24 -5.56 2.5 7.59 114.89 54.17 59.69 0.0 0.65 0.68
98.576 -1.6 9.55 1.24 -5.07 5.27 9.66 113.87 54.11 60.23 0.0 0.65 0.68
98.606 -1.44 9.55 1.25 -3.96 7.6 11.6 113.15 54.11 60.6 0.0 0.65 0.68
98.621 -1.3 9.52 1.21 -2.76 9.52 12.95 112.43 53.63 60.35 0.0 0.65 0.68
98.636 -1.17 9.47 1.18 -1.48 10.87 13.13 111.11 54.35 60.84 0.0 0.65 0.68
98.666 -1.07 9.43 1.12 -0.04 11.03 11.82 110.39 54.11 60.36 0.0 0.65 0.68
98.696 -0.95 9.35 1.11 1.28 9.85 9.27 109.43 53.76 59.52 0.0 0.65 0.68
98.697 -0.87 9.26 1.1 2.17 7.15 6.16 108.77 53.58 59.69 0.0 0.65 0.68
98.727 -0.84 9.18 1.13 2.75 3.4 2.69 108.12 53.04 58.91 0.0 0.65 0.68
98.741 -0.85 9.1 1.2 2.68 -0.7 -0.95 107.16 53.64 58.31 0.0 0.65 0.68
98.756 -0.93 9.03 1.28 1.87 -4.64 -4.6 106.8 53.04 58.31 0.0 0.65 0.68
98.786 -1.12 9.08 1.43 0.81 -7.35 -8.68 107.22 53.21 58.13 0.0 0.65 0.68
98.801 -1.31 9.15 1.64 0.21 -8.9 -13.07 107.22 53.09 58.01 0.0 0.65 0.68
98.816 -1.45 9.19 1.79 0.66 -9.88 -16.58 107.82 53.45 58.01 0.0 0.65 0.68
98.846 -1.57 9.2 1.86 2.17 -10.29 -18.32 108.9 53.57 57.89 0.0 0.65 0.68
98.861 -1.67 9.13 1.95 3.97 -10.13 -18.49 109.32 54.23 58.07 0.0 0.65 0.68
98.876 -1.77 9.04 2.01 5.3 -9.48 -17.55 110.04 54.47 58.67 0.0 0.65 0.68
98.906 -1.85 8.94 2.04 6.1 -7.97 -16.08 110.52 55.19 57.72 0.0 0.65 0.68
98.921 -1.93 8.9 2.04 6.5 -4.83 -14.66 110.4 55.67 58.08 0.0 0.65 0.68
98.936 -2.01 8.91 1.96 7.12 -0.16 -13.47 111.54 56.09 58.14 0.0 0.65 0.68
98.966 -2.05 8.86 1.84 8.35 5.37 -12.37 111.18 56.57 57.77 0.0 0.65 0.68
98.981 -2.0 8.72 1.71 9.19 10.56 -10.7 110.93 57.17 57.06 0.0 0.65 0.68
99.011 -2.0 8.58 1.56 8.65 14.85 -8.52 111.24 57.95 56.75 0.0 0.65 0.68
99.026 -2.04 8.55 1.44 6.62 18.34 -6.94 110.88 57.72 55.8 0.0 0.65 0.68
99.041 -2.11 8.57 1.29 3.52 21.1 -6.52 110.88 58.55 54.84 0.0 0.65 0.68
99.056 -2.15 8.64 1.19 0.29 23.55 -7.0 111.0 57.95 54.0 0.0 0.65 0.68
99.086 -2.25 8.81 1.13 -2.52 25.66 -7.8 111.23 58.43 52.67 0.0 0.65 0.68
99.101 -2.35 8.95 1.05 -4.57 27.1 -8.86 111.29 58.49 52.25 0.0 0.65 0.68
99.131 -2.42 8.97 1.0 -5.97 27.01 -9.96 111.83 58.43 51.48 0.0 0.65 0.68
99.146 -2.48 8.97 1.04 -7.4 25.07 -10.74 111.41 58.49 50.58 0.0 0.65 0.68
99.161 -2.55 9.06 1.09 -8.96 21.74 -11.22 112.25 58.73 49.98 0.0 0.65 0.68
99.206 -2.63 9.15 1.09 -9.77 17.86 -11.56 112.37 58.49 49.26 0.0 0.65 0.68
99.206 -2.68 9.22 1.07 -9.44 14.1 -11.81 112.73 58.85 47.81 0.0 0.65 0.68
99.25 -2.72 9.25 1.14 -8.78 10.83 -11.71 113.15 59.51 47.52 0.0 0.65 0.68
99.251 -2.77 9.25 1.25 -8.27 7.69 -11.38 112.85 58.97 47.33 0.0 0.65 0.68
99.266 -2.83 9.31 1.3 -7.77 4.7 -10.9 113.03 59.27 47.39 0.0 0.65 0.68
99.281 -2.81 9.34 1.32 -6.81 2.48 -10.2 112.73 58.61 47.33 0.0 0.65 0.68
99.311 -2.79 9.38 1.33 -5.37 1.08 -9.05 112.56 58.43 47.76 0.0 0.65 0.68
99.326 -2.78 9.46 1.32 -3.77 0.39 -7.5 112.08 58.79 47.64 0.0 0.65 0.68
99.342 -2.77 9.48 1.27 -2.54 0.11 -5.94 111.9 58.97 47.58 0.0 0.65 0.68
99.386 -2.75 9.44 1.24 -2.27 0.0 -4.58 111.3 58.97 47.58 0.0 0.65 0.68
99.387 -2.78 9.42 1.2 -2.91 -0.18 -3.55 111.6 58.55 47.99 0.0 0.65 0.68
99.401 -2.77 9.47 1.16 -4.04 0.15 -3.01 111.35 58.19 48.84 0.0 0.65 0.68
99.431 -2.76 9.5 1.1 -5.09 1.09 -2.61 111.24 57.71 49.55 0.0 0.65 0.68
99.446 -2.76 9.49 1.06 -6.02 2.61 -2.06 111.05 57.65 49.5 0.0 0.65 0.68
99.461 -2.77 9.43 1.05 -7.18 4.33 -1.25 110.82 57.89 49.5 0.0 0.65 0.68
99.491 -2.79 9.44 1.03 -8.59 5.75 -0.41 111.11 58.31 49.56 0.0 0.65 0.68
99.506 -2.77 9.42 1.04 -10.03 7.13 0.23 111.05 58.25 49.26 0.0 0.65 0.68
99.521 -2.75 9.36 1.1 -11.51 8.61 0.86 111.23 57.83 49.32 0.0 0.65 0.68
99.551 -2.69 9.35 1.2 -12.72 10.34 1.39 111.53 57.29 49.38 0.0 0.65 0.68
99.581 -2.62 9.36 1.23 -13.17 12.03 1.58 111.71 57.95 48.72 0.0 0.65 0.68
99.581 -2.48 9.34 1.27 -12.94 13.6 1.28 110.75 58.55 47.88 0.0 0.65 0.68
99.611 -2.38 9.27 1.35 -12.8 14.21 0.85 110.45 58.61 47.58 0.0 0.65 0.68
99.626 -2.35 9.21 1.41 -12.99 13.65 0.09 109.85 58.73 46.62 0.0 0.65 0.68
99.641 -2.36 9.22 1.46 -13.06 12.48 -1.04 109.67 59.15 46.8 0.0 0.65 0.68
99.671 -2.36 9.24 1.49 -12.48 11.11 -2.44 109.37 59.93 46.26 0.0 0.65 0.68
99.686 -2.41 9.19 1.57 -11.61 9.71 -3.7 109.2 60.23 46.08 0.0 0.65 0.68
99.701 -2.53 9.16 1.7 -11.08 8.14 -4.65 109.2 60.59 45.48 0.0 0.65 0.68
99.731 -2.67 9.16 1.79 -10.42 6.35 -5.41 109.8 61.19 45.0 0.0 0.65 0.68
99.747 -2.81 9.14 1.82 -9.28 4.4 -5.85 109.85 61.25 44.58 0.0 0.65 0.68
99.761 -2.96 9.06 1.89 -8.03 2.15 -5.69 110.82 61.37 44.94 0.0 0.65 0.68
99.791 -3.14 8.96 1.98 -7.05 -0.37 -5.03 111.72 61.19 45.48 0.0 0.65 0.68
99.836 -3.33 8.87 2.09 -6.02 -2.8 -4.14 112.32 61.67 45.96 0.0 0.65 0.68
99.837 -3.43 8.81 2.15 -4.69 -4.89 -2.92 113.09 61.97 46.5 0.0 0.65 0.68
99.851 -3.45 8.75 2.21 -3.12 -6.5 -1.39 113.39 62.03 46.2 0.0 0.65 0.68
99.866 -3.49 8.69 2.25 -1.78 -7.99 0.11 114.23 61.91 46.44 0.0 0.65 0.68
99.881 -3.5 8.62 2.26 -0.57 -9.65 1.07 114.59 61.67 46.56 0.0 0.65 0.68
99.911 -3.44 8.56 2.21 0.51 -11.81 1.66 115.25 61.73 47.1 0.0 0.65 0.68
99.926 -3.38 8.54 2.15 1.16 -14.43 2.15 115.25 61.73 47.82 0.0 0.65 0.68
99.941 -3.32 8.52 2.1 1.65 -17.1 2.55 115.73 62.33 49.26 0.0 0.65 0.68
99.971 -3.26 8.54 2.04 2.26 -19.17 2.91 114.89 61.73 49.73 0.0 0.65 0.68
99.986 -3.16 8.56 1.99 2.88 -20.4 3.36 115.07 61.67 50.52 0.0 0.65 0.68
100.001 -3.07 8.59 1.93 3.12 -20.96 3.87 114.77 61.37 51.06 0.0 0.65 0.68
100.031 -3.0 8.6 1.91 2.94 -21.02 4.13 114.96 61.07 51.6 0.0 0.65 0.68
100.061 -2.89 8.61 1.86 2.45 -20.95 4.38 115.91 60.59 52.79 0.0 0.65 0.68
100.062 -2.75 8.62 1.82 1.84 -20.56 5.2 115.73 59.45 54.05 0.0 0.65 0.68
100.091 -2.63 8.65 1.84 1.11 -19.6 6.62 115.68 59.39 55.07 0.0 0.65 0.68
100.106 -2.54 8.69 1.91 0.63 -18.04 7.96 115.68 59.15 56.63 0.0 0.65 0.68
100.121 -2.4 8.71 1.98 0.68 -16.1 8.82 115.14 58.61 57.41 0.0 0.65 0.68
100.151 -2.24 8.72 2.04 0.87 -14.32 9.44 114.96 58.31 57.35 0.0 0.65 0.68
100.166 -2.08 8.74 2.1 1.06 -13.1 10.03 114.9 57.89 58.49 0.0 0.65 0.68
100.181 -1.97 8.78 2.14 1.41 -12.44 10.72 114.83 57.71 59.15 0.0 0.65 0.68
100.211 -1.85 8.77 2.14 2.07 -11.83 11.49 114.95 57.23 59.39 0.0 0.65 0.68
100.241 -1.76 8.75 2.14 3.04 -11.09 12.2 114.41 56.93 59.93 0.0 0.65 0.68
100.242 -1.71 8.75 2.16 4.06 -10.27 12.35 113.09 55.73 60.53 0.0 0.65 0.68
100.271 -1.63 8.78 2.13 5.1 -9.57 11.68 112.79 56.15 60.95 0.0 0.65 0.68
100.286 -1.53 8.79 2.04 6.37 -9.17 10.77 112.67 55.43 61.07 0.0 0.65 0.68
100.301 -1.45 8.82 1.94 7.57 -8.94 10.15 112.07 54.71 61.19 0.0 0.65 0.68
100.331 -1.44 8.89 1.84 8.61 -9.06 9.82 112.13 54.05 61.13 0.0 0.65 0.68
100.346 -1.4 8.99 1.76 9.61 -9.15 9.53 112.43 53.27 62.39 0.0 0.65 0.68
100.391 -1.38 9.08 1.68 10.56 -8.89 9.3 112.43 53.15 62.15 0.0 0.65 0.68
100.392 -1.33 9.2 1.61 11.61 -8.12 9.06 111.89 52.49 62.09 0.0 0.65 0.68
100.406 -1.27 9.38 1.54 12.72 -7.34 8.86 111.53 51.41 62.33 0.0 0.65 0.68
100.421 -1.17 9.54 1.49 13.84 -6.76 8.8 111.65 50.69 62.93 0.0 0.65 0.68
100.451 -1.08 9.69 1.41 14.85 -6.44 9.19 111.71 51.11 63.35 0.0 0.65 0.68
100.481 -1.03 9.81 1.37 15.68 -5.96 9.86 111.29 50.22 63.29 0.0 0.65 0.68
100.482 -0.98 9.96 1.3 16.2 -5.09 10.35 110.88 49.8 63.59 0.0 0.65 0.68
100.511 -0.88 10.05 1.21 16.58 -3.86 10.7 110.94 49.62 62.93 0.0 0.65 0.68
100.526 -0.73 10.09 1.06 16.63 -1.97 11.13 110.46 49.73 62.93 0.0 0.65 0.68
100.541 -0.59 10.12 0.94 16.33 0.17 11.75 109.5 49.5 61.25 0.0 0.65 0.68
100.571 -0.49 10.16 0.83 15.56 2.29 12.34 108.9 48.9 61.13 0.0 0.65 0.68
100.586 -0.38 10.17 0.73 14.32 4.12 12.54 108.18 48.42 61.13 0.0 0.65 0.68
100.601 -0.27 10.11 0.61 12.87 5.55 12.25 107.63 48.48 60.83 0.0 0.65 0.68
100.631 -0.19 10.03 0.49 11.29 6.6 11.67 106.97 48.3 59.93 0.0 0.65 0.68
100.646 -0.14 10.03 0.45 9.5 7.17 10.73 106.56 48.12 59.15 0.0 0.65 0.68
100.677 -0.11 10.02 0.44 7.57 6.85 9.35 106.14 47.46 58.85 0.0 0.65 0.68
100.691 -0.07 9.94 0.41 5.97 5.64 7.78 105.54 47.7 58.37 0.0 0.65 0.68
100.706 -0.07 9.85 0.4 4.82 3.89 6.36 105.3 46.62 58.14 0.0 0.65 0.68
100.722 -0.1 9.82 0.47 3.89 1.83 4.99 105.18 46.5 57.77 0.0 0.65 0.68
100.751 -0.18 9.76 0.54 2.95 -0.17 3.17 105.24 45.84 58.44 0.0 0.65 0.68
100.766 -0.2 9.63 0.6 2.27 -1.95 0.8 105.66 45.54 58.02 0.0 0.65 0.68
100.781 -0.24 9.56 0.6 1.76 -3.48 -1.45 106.14 45.78 57.89 0.0 0.65 0.68
100.811 -0.27 9.6 0.63 1.29 -4.63 -3.2 106.5 45.78 58.25 0.0 0.65 0.68
100.826 -0.3 9.67 0.63 0.82 -5.48 -4.54 106.56 45.0 58.19 0.0 0.65 0.68
100.841 -0.33 9.62 0.61 0.52 -5.77 -5.65 107.46 44.34 57.89 0.0 0.65 0.68
100.871 -0.35 9.61 0.59 0.26 -5.53 -6.6 108.0 45.0 58.07 0.0 0.65 0.68
100.886 -0.41 9.73 0.62 -0.31 -5.0 -7.57 108.78 44.7 59.09 0.0 0.65 0.68
100.901 -0.48 9.93 0.66 -1.19 -4.52 -8.85 109.26 45.17 59.81 0.0 0.65 0.68
100.931 -0.6 10.12 0.69 -1.96 -4.44 -10.2 109.85 44.7 60.53 0.0 0.65 0.68
100.946 -0.74 10.35 0.71 -2.52 -5.01 -11.24 110.33 45.18 60.89 0.0 0.65 0.68
100.961 -0.88 10.6 0.76 -3.08 -6.27 -11.78 110.69 45.3 61.13 0.0 0.65 0.68
100.991 -1.01 10.72 0.86 -3.61 -8.15 -11.93 111.0 45.36 60.95 0.0 0.65 0.68
101.006 -1.14 10.73 0.93 -3.9 -10.35 -11.79 111.42 45.18 61.01 0.0 0.65 0.68
101.021 -1.25 10.74 1.0 -3.87 -12.34 -11.43 111.6 46.08 61.19 0.0 0.65 0.68
101.051 -1.34 10.79 1.04 -3.6 -14.02 -10.82 111.83 46.92 62.39 0.0 0.65 0.68
101.066 -1.39 10.8 1.07 -3.19 -14.98 -10.05 112.02 46.86 63.05 0.0 0.65 0.68
101.081 -1.38 10.71 1.1 -2.74 -15.13 -9.27 112.2 47.04 63.35 0.0 0.65 0.68
101.111 -1.34 10.51 1.12 -2.55 -14.66 -8.41 112.26 46.98 64.01 0.0 0.65 0.68
101.127 -1.27 10.32 1.1 -3.04 -13.76 -7.52 112.74 47.22 64.13 0.0 0.65 0.68
101.141 -1.18 10.13 1.05 -3.77 -12.08 -6.75 113.04 47.28 64.2 0.0 0.65 0.68
101.171 -1.07 9.98 1.04 -4.15 -9.52 -6.33 113.33 47.46 64.62 0.0 0.65 0.68
101.186 -1.0 9.92 1.0 -4.2 -6.36 -6.34 113.87 47.88 65.39 0.0 0.65 0.68
101.201 -0.93 9.9 1.05 -4.19 -3.25 -6.84 114.11 48.12 65.63 0.0 0.65 0.68
101.231 -0.91 9.89 1.13 -4.52 -0.99 -7.77 115.13 48.05 66.29 0.0 0.65 0.68
101.246 -0.92 9.87 1.23 -5.09 0.08 -8.93 115.67 47.39 65.99 0.0 0.65 0.68
101.261 -0.96 9.86 1.31 -5.44 0.13 -10.03 116.39 47.16 65.51 0.0 0.65 0.68
101.291 -1.04 9.89 1.39 -5.2 -0.46 -11.0 116.15 47.64 65.27 0.0 0.65 0.68
101.306 -1.16 9.96 1.43 -4.0 -1.24 -12.02 117.05 48.54 65.09 0.0 0.65 0.68
101.321 -1.27 9.98 1.52 -1.76 -1.8 -13.17 117.05 48.42 65.69 0.0 0.65 0.68
101.351 -1.36 9.94 1.63 0.82 -2.43 -14.21 117.11 48.36 66.11 0.0 0.65 0.68
101.366 -1.5 9.89 1.67 3.08 -3.46 -14.88 117.71 48.23 66.35 0.0 0.65 0.68
101.381 -1.65 9.86 1.66 5.07 -4.62 -15.29 117.83 47.88 66.23 0.0 0.65 0.68
101.411 -1.77 9.82 1.6 7.08 -5.28 -15.59 118.85 48.18 66.41 0.0 0.65 0.68
101.426 -1.87 9.74 1.5 9.14 -4.95 -15.6 118.37 48.3 66.53 0.0 0.65 0.68
101.441 -1.95 9.68 1.4 11.07 -3.66 -15.25 118.43 48.84 66.59 0.0 0.65 0.68
101.471 -2.03 9.63 1.28 12.43 -1.78 -14.51 118.73 49.02 66.77 0.0 0.65 0.68
101.486 -2.11 9.58 1.13 12.85 0.33 -13.46 119.27 48.84 66.11 0.0 0.65 0.68
101.501 -2.14 9.54 1.01 12.27 2.44 -12.12 119.09 48.66 65.69 0.0 0.65 0.68
101.533 -2.17 9.56 0.88 10.96 4.45 -10.48 119.63 48.84 65.27 0.0 0.65 0.68
101.546 -2.18 9.6 0.77 9.13 6.39 -8.67 119.87 49.32 64.19 0.0 0.65 0.68
101.561 -2.18 9.67 0.67 7.08 8.19 -6.83 119.93 49.86 64.13 0.0 0.65 0.68
101.591 -2.14 9.72 0.66 4.72 9.8 -5.0 119.93 49.86 64.01 0.0 0.65 0.68
101.606 -2.12 9.8 0.67 1.91 10.72 -3.14 119.39 49.8 63.23 0.0 0.65 0.68
101.621 -2.09 9.89 0.7 -0.85 10.85 -1.64 119.75 50.4 62.39 0.0 0.65 0.68
101.651 -2.07 9.98 0.72 -3.3 10.43 -0.54 119.27 50.64 61.91 0.0 0.65 0.68
101.666 -2.01 10.02 0.79 -5.15 9.72 0.2 118.91 51.0 61.67 0.0 0.65 0.68
101.681 -1.95 10.04 0.87 -6.27 8.86 0.6 119.09 51.3 61.73 0.0 0.65 0.68
101.711 -1.89 10.02 0.97 -6.81 8.05 0.57 118.85 50.82 61.73 0.0 0.65 0.68
101.726 -1.84 9.96 1.04 -7.03 7.25 0.24 118.61 51.18 60.89 0.0 0.65 0.68
101.741 -1.78 9.9 1.09 -6.7 6.6 -0.33 118.73 50.46 61.01 0.0 0.65 0.68
101.771 -1.72 9.8 1.14 -6.03 6.38 -1.07 118.67 50.4 60.71 0.0 0.65 0.68
101.786 -1.69 9.7 1.15 -5.2 6.48 -1.88 118.55 51.12 60.59 0.0 0.65 0.68
101.801 -1.65 9.59 1.13 -4.05 6.96 -2.85 119.15 51.24 61.19 0.0 0.65 0.68
101.831 -1.62 9.48 1.1 -2.91 7.72 -3.8 119.15 50.52 61.43 0.0 0.65 0.68
101.847 -1.61 9.38 1.07 -1.95 8.51 -4.7 119.75 51.12 61.43 0.0 0.65 0.68
101.861 -1.61 9.32 1.04 -1.29 9.04 -5.65 120.29 51.06 61.01 0.0 0.65 0.68
101.891 -1.62 9.31 0.99 -0.98 9.14 -6.34 120.29 51.18 61.01 0.0 0.65 0.68
101.906 -1.66 9.32 0.94 -0.7 8.86 -6.62 120.89 51.78 60.77 0.0 0.65 0.68
101.921 -1.7 9.35 0.92 -0.27 8.36 -6.69 120.77 51.66 61.13 0.0 0.65 0.68
101.951 -1.77 9.37 0.9 0.0 7.52 -6.66 120.65 52.5 61.13 0.0 0.65 0.68
101.966 -1.84 9.41 0.88 0.08 6.33 -6.62 120.95 52.67 60.59 0.0 0.65 0.68
101.981 -1.9 9.47 0.87 0.24 5.01 -6.6 121.25 52.26 60.53 0.0 0.65 0.68
102.011 -1.95 9.52 0.87 0.48 3.86 -6.47 120.83 52.67 59.87 0.0 0.65 0.68
102.026 -2.01 9.57 0.87 0.93 2.98 -6.22 121.07 53.64 59.27 0.0 0.65 0.68
102.041 -2.06 9.59 0.87 1.38 2.36 -5.84 120.77 52.98 58.97 0.0 0.65 0.68
102.071 -2.13 9.6 0.87 1.71 2.12 -5.37 120.77 53.21 58.97 0.0 0.65 0.68
102.086 -2.17 9.6 0.86 2.01 2.35 -5.08 121.25 53.1 58.73 0.0 0.65 0.68
102.101 -2.19 9.6 0.85 1.94 3.01 -4.87 120.83 53.27 58.91 0.0 0.65 0.68
102.131 -2.21 9.58 0.81 1.44 4.02 -4.53 121.07 53.64 58.79 0.0 0.65 0.68
102.146 -2.22 9.57 0.77 0.87 5.51 -4.06 121.31 53.28 58.31 0.0 0.65 0.68
102.161 -2.24 9.56 0.74 0.44 7.19 -3.52 120.95 53.4 57.95 0.0 0.65 0.68
102.206 -2.25 9.54 0.72 -0.03 8.87 -3.1 121.37 54.18 57.41 0.0 0.65 0.68
102.208 -2.26 9.51 0.71 -0.82 10.14 -2.79 121.49 54.77 56.93 0.0 0.65 0.68
102.221 -2.27 9.51 0.68 -1.93 10.87 -2.51 121.79 54.84 56.63 0.0 0.65 0.68
102.252 -2.28 9.51 0.68 -2.88 11.35 -2.32 122.57 55.62 56.21 0.0 0.65 0.68
102.266 -2.29 9.52 0.68 -3.51 11.49 -2.15 122.45 55.5 55.5 0.0 0.65 0.68
102.281 -2.29 9.51 0.71 -4.03 11.22 -1.86 122.45 55.98 55.14 0.0 0.65 0.68
102.312 -2.31 9.52 0.74 -4.4 10.39 -1.57 122.81 56.22 54.42 0.0 0.65 0.68
102.327 -2.32 9.53 0.79 -4.47 9.04 -1.51 123.23 56.04 53.76 0.0 0.65 0.68
102.341 -2.33 9.56 0.83 -4.35 7.2 -1.57 123.59 56.27 53.64 0.0 0.65 0.68
102.371 -2.33 9.57 0.88 -4.02 5.14 -1.63 123.83 56.27 53.88 0.0 0.65 0.68
102.386 -2.33 9.59 0.93 -3.28 2.99 -1.64 123.95 55.67 53.64 0.0 0.65 0.68
102.401 -2.33 9.58 0.97 -2.29 0.96 -1.57 123.65 55.26 53.58 0.0 0.65 0.68
102.431 -2.31 9.56 1.03 -1.16 -0.76 -1.46 123.77 55.26 54.06 0.0 0.65 0.68
102.446 -2.29 9.55 1.06 -0.04 -2.16 -1.31 123.17 54.9 54.42 0.0 0.65 0.68
102.461 -2.26 9.53 1.07 0.93 -3.01 -1.08 122.99 55.2 55.2 0.0 0.65 0.68
102.491 -2.23 9.51 1.06 1.88 -3.19 -0.9 122.93 54.9 55.49 0.0 0.65 0.68
102.507 -2.19 9.49 1.03 2.76 -2.67 -0.67 122.57 54.9 55.61 0.0 0.65 0.68
102.521 -2.14 9.47 0.99 3.49 -1.43 -0.32 121.85 55.38 55.73 0.0 0.65 0.68
102.551 -2.09 9.44 0.94 3.99 0.38 0.04 121.61 55.73 55.73 0.0 0.65 0.68
102.566 -2.04 9.42 0.87 4.15 2.69 0.34 121.13 55.38 55.37 0.0 0.65 0.68
102.596 -2.0 9.4 0.81 3.91 5.25 0.63 120.77 55.73 55.85 0.0 0.65 0.68
102.612 -1.97 9.4 0.73 3.46 7.84 0.97 120.89 55.73 55.97 0.0 0.65 0.68
102.626 -1.95 9.4 0.67 2.99 10.24 1.26 121.01 55.73 55.13 0.0 0.65 0.68
102.641 -1.93 9.4 0.61 2.41 12.13 1.47 121.25 55.73 54.65 0.0 0.65 0.68
102.686 -1.91 9.43 0.56 1.8 13.28 1.53 120.71 55.8 53.99 0.0 0.65 0.68
102.687 -1.91 9.47 0.51 1.22 13.69 1.54 120.53 55.73 53.46 0.0 0.65 0.68
102.731 -1.9 9.49 0.5 0.76 13.43 1.44 120.53 55.73 52.98 0.0 0.65 0.68
102.731 -1.92 9.51 0.5 0.39 12.5 1.2 121.07 55.67 52.92 0.0 0.65 0.68
102.747 -1.95 9.55 0.49 0.11 11.05 0.84 121.25 56.21 52.38 0.0 0.65 0.68
102.761 -1.96 9.57 0.52 0.05 9.22 0.41 121.31 56.87 52.67 0.0 0.65 0.68
102.791 -1.99 9.6 0.52 0.05 7.2 0.01 121.07 57.11 51.71 0.0 0.65 0.68
102.806 -2.0 9.62 0.55 0.08 5.22 -0.33 121.01 57.65 51.18 0.0 0.65 0.68
102.821 -2.02 9.64 0.53 0.06 3.45 -0.51 120.71 57.47 51.48 0.0 0.65 0.68
102.866 -2.05 9.64 0.53 0.16 2.16 -0.65 120.47 57.59 51.72 0.0 0.65 0.68
102.867 -2.06 9.63 0.54 0.28 1.32 -0.81 121.01 58.01 51.54 0.0 0.65 0.68
102.881 -2.06 9.62 0.54 0.27 0.84 -0.9 121.31 58.07 51.12 0.0 0.65 0.68
102.911 -2.07 9.62 0.53 0.22 0.71 -0.85 121.61 57.65 51.54 0.0 0.65 0.68
102.926 -2.07 9.62 0.51 0.17 0.89 -0.67 121.67 56.99 51.48 0.0 0.65 0.68
102.942 -2.05 9.59 0.5 -0.06 1.24 -0.43 121.55 56.03 51.36 0.0 0.65 0.68
102.971 -2.04 9.58 0.46 -0.62 1.65 -0.12 121.55 55.91 51.12 0.0 0.65 0.68
102.986 -2.01 9.57 0.42 -1.37 2.34 0.11 121.85 55.61 51.3 0.0 0.65 0.68
103.001 -1.99 9.56 0.38 -2.24 3.29 0.23 121.91 55.31 51.12 0.0 0.65 0.68
103.032 -1.96 9.57 0.39 -3.23 4.46 0.32 121.73 55.5 51.41 0.0 0.65 0.68
103.046 -1.94 9.59 0.41 -4.19 5.59 0.44 121.73 55.49 50.58 0.0 0.65 0.68
103.061 -1.95 9.61 0.45 -4.92 6.5 0.5 121.67 54.95 50.63 0.0 0.65 0.68
103.091 -1.97 9.61 0.52 -5.22 6.93 0.36 121.37 55.14 50.93 0.0 0.65 0.68
103.106 -1.98 9.6 0.61 -5.11 6.82 0.08 121.43 55.44 50.16 0.0 0.65 0.68
103.121 -2.0 9.58 0.68 -4.82 6.11 -0.12 121.61 55.98 49.62 0.0 0.65 0.68
103.151 -2.02 9.58 0.74 -4.26 5.18 -0.18 121.31 56.64 49.8 0.0 0.65 0.68
103.166 -2.03 9.56 0.79 -3.31 4.39 -0.11 121.55 56.52 49.92 0.0 0.65 0.68
103.181 -2.04 9.54 0.83 -1.99 3.73 0.1 121.85 56.21 49.74 0.0 0.65 0.68
103.211 -2.04 9.52 0.83 -0.37 3.37 0.34 121.79 55.44 50.16 0.0 0.65 0.68
103.241 -2.0 9.48 0.85 1.35 3.21 0.43 121.43 55.19 49.08 0.0 0.65 0.68
103.243 -1.96 9.44 0.81 2.61 2.93 0.6 121.55 54.96 48.96 0.0 0.65 0.68
103.271 -1.9 9.43 0.75 3.47 2.74 0.91 121.67 54.95 48.96 0.0 0.65 0.68
103.301 -1.84 9.44 0.66 4.01 2.88 1.32 121.37 54.89 48.42 0.0 0.65 0.68
103.302 -1.78 9.48 0.56 4.14 3.24 1.69 121.25 55.25 48.66 0.0 0.65 0.68
103.331 -1.72 9.52 0.48 3.92 3.72 1.86 120.83 54.95 48.84 0.0 0.65 0.68
103.346 -1.67 9.56 0.43 3.48 4.13 1.77 120.89 54.77 48.9 0.0 0.65 0.68
103.361 -1.64 9.6 0.39 2.8 4.14 1.43 121.01 55.01 48.3 0.0 0.65 0.68
103.392 -1.61 9.65 0.36 2.03 3.7 0.87 120.47 55.55 47.88 0.0 0.65 0.68
103.406 -1.61 9.68 0.37 1.26 2.72 0.24 120.71 56.03 46.79 0.0 0.65 0.68
103.421 -1.64 9.72 0.34 0.53 1.32 -0.42 121.13 55.97 47.33 0.0 0.65 0.68